1189 1673 1243
1892 2343 1882
230 341 221
666 820 728
319 438 315
804 1008 931
317 383 305
3468 4671 3896
289 439 334
1935 2417 2017
442 547 466
454 602 490
637 833 708
4138 5414 4423
1677 2258 1933
-1 -1 -1
883 1186 1020
391 401 317
1688 2164 1893
479 618 550
342 443 426
1234 1577 1263
2140 2925 2457
426 644 504
-1 -1 -1
256 387 294
709 938 782
218 342 221
3928 5162 4579
543 677 588
1854 2432 2145
776 1001 874
779 932 798
887 1098 909
1749 2389 2018
1515 2039 1618
1474 2028 1672
1342 1725 1516
696 902 760
1269 1706 1454
860 1157 1069
525 660 621
1025 1266 1081
1471 1866 1632
362 540 431
442 583 518
531 690 637
413 526 379
19 28 32
3219 4407 3511
583 765 623
1762 2243 1990
359 474 395
444 616 457
666 860 739
643 836 681
1640 1957 1768
-1 -1 -1
1121 1519 1214
521 576 530
1444 1958 1678
413 549 485
438 618 476
665 821 624
1240 1532 1298
186 198 185
345 485 409
852 1053 933
566 748 617
270 323 269
2467 3104 2656
239 360 279
-1 -1 -1
511 747 607
545 772 688
509 601 572
3094 4225 3436
1554 2006 1692
655 886 723
1084 1427 1254
347 524 362
1136 1505 1198
392 482 467
506 618 540
823 1074 944
930 1097 997
212 280 241
139 153 156
613 852 709
597 809 726
-1 -1 -1
3916 4985 4245
319 429 364
1085 1412 1100
474 692 518
422 563 461
193 235 209
1779 2334 2018
1201 1586 1296
873 966 896
1339 1730 1398
260 310 274
1107 1469 1211
453 610 471
372 377 359
-1 -1 -1
2039 2786 2348
221 343 237
389 558 425
656 912 759
578 762 621
260 358 306
2256 2921 2511
440 548 490
1898 2337 1917
357 429 380
367 513 353
685 965 792
2069 2705 2321
2339 3047 2428
1294 1730 1361
918 1122 913
604 783 614
1440 1866 1633
666 878 742
518 596 569
1366 1716 1506
2094 2693 2341
476 682 533
227 264 230
450 576 464
-1 -1 -1
395 441 360
4415 5469 4843
607 843 632
1120 1389 1183
513 680 613
374 445 365
192 255 168
3016 4042 3631
1129 1554 1435
907 1077 945
952 1313 1157
290 379 318
794 1074 948
803 1195 886
361 474 382
1418 1983 1743
2569 3338 2755
484 708 560
370 444 365
192 299 232
896 1089 956
463 544 394
4247 5694 4708
207 264 264
1230 1618 1375
1041 1318 1177
489 660 555
211 303 234
1957 2461 2093
1357 1838 1475
-1 -1 -1
373 446 418
129 182 148
1328 1602 1367
765 1015 871
388 396 381
1144 1521 1188
2588 3502 2929
529 765 631
-1 -1 -1
469 708 503
779 1040 873
456 527 512
4371 5755 4905
133 213 159
1893 2460 2168
669 872 714
497 698 638
521 617 593
1665 2139 1739
1664 2234 1872
978 1353 1118
793 1065 882
375 435 452
1267 1553 1382
698 874 730
573 714 603
903 1086 889
1795 2293 1968
611 833 702
244 346 251
431 565 414
790 1049 944
-1 -1 -1
5797 7364 6225
270 339 315
1441 1951 1725
717 971 823
363 456 393
247 341 274
2142 2801 2314
649 929 783
1113 1467 1221
926 1279 974
387 455 423
1408 1701 1492
540 774 642
552 719 565
1653 2273 1871
2577 3492 2883
728 893 731
634 818 699
703 942 763
902 1159 955
667 982 832
3775 4834 4248
568 687 621
-1 -1 -1
564 811 659
676 853 790
773 967 878
2282 2721 2390
1835 2361 2035
1313 1800 1523
1191 1569 1250
420 524 427
1766 2292 1831
679 876 750
722 928 910
1321 1675 1453
2859 3463 2990
586 746 634
454 494 500
801 1025 817
-1 -1 -1
447 538 444
5292 6638 5618
264 367 286
1794 2184 1865
522 764 564
385 447 390
725 966 826
2976 3931 3355
1650 2205 1916
928 1203 1035
537 750 611
298 337 259
971 1118 1001
1064 1351 1025
450 632 492
1238 1637 1248
2582 3527 2990
330 483 394
-1 -1 -1
699 1128 778
764 983 814
366 486 382
4106 5246 4612
377 469 423
1569 2041 1669
160 240 196
304 428 417
262 311 238
2866 3813 3089
1222 1537 1333
1281 1570 1313
1215 1545 1318
283 315 282
1589 2118 1758
811 996 902
235 318 254
1211 1572 1373
2015 2582 2241
549 816 668
303 390 349
384 466 381
-1 -1 -1
1051 1394 1173
3372 4139 3434
354 573 461
1462 2129 1758
589 820 719
282 409 343
332 377 339
1520 1898 1533
2037 2725 2305
1132 1465 1196
918 1210 1046
483 545 495
935 1207 950
643 850 684
535 649 590
688 910 777
1135 1455 1316
504 702 571
664 888 794
652 865 725
300 361 305
160 238 194
1177 1491 1345
472 722 585
1306 1580 1491
-1 -1 -1
305 367 297
491 689 568
1686 2172 1773
1499 1987 1654
607 834 701
11 16 -1
308 357 310
1003 1241 1016
465 630 589
189 214 178
1257 1687 1307
1694 2142 1900
296 323 234
303 297 323
252 342 279
337 452 353
288 379 372
2476 3295 2827
606 751 609
1330 1710 1516
487 627 497
342 398 341
559 802 668
2082 2485 2133
-1 -1 -1
1225 1562 1243
1055 1384 1149
319 407 329
860 1073 959
299 347 306
214 317 267
-1 -1 -1
1366 1737 1559
607 795 734
411 465 452
994 1359 1078
559 670 636
269 336 258
2837 3645 2968
616 880 721
2098 2716 2271
576 782 627
809 1186 973
1108 1442 1291
2000 2592 2197
2242 2799 2371
1868 2587 2242
550 696 608
573 739 617
1082 1452 1159
390 489 413
519 580 488
942 1265 1012
1124 1437 1256
525 722 562
691 826 674
613 723 612
505 591 564
246 308 284
2378 3015 2536
531 695 575
-1 -1 -1
380 501 389
495 556 500
949 1280 1110
1490 2103 1705
1377 1801 1451
781 1092 1008
684 910 750
656 809 713
895 1046 954
878 1150 1058
427 519 408
855 1073 928
1230 1607 1279
457 567 471
519 679 535
726 896 788
506 700 607
-1 -1 -1
2288 2988 2361
554 645 535
1996 2662 2204
523 743 603
396 508 448
656 804 745
2332 2954 2679
1825 2285 2009
855 1148 963
927 1172 986
573 763 647
993 1375 1122
503 774 626
376 577 424
1108 1398 1223
1212 1658 1429
794 1045 939
265 365 324
1108 1518 1301
538 727 696
467 613 523
2232 2839 2488
526 602 533
1749 2291 1850
318 439 401
314 337 291
779 982 892
1832 2403 1977
1523 1996 1628
-1 -1 -1
818 1080 810
402 595 419
753 1004 879
377 538 449
612 854 734
1464 1885 1650
1388 1749 1502
822 1115 893
612 752 690
502 696 564
-1 -1 -1
537 616 538
1406 1797 1502
508 737 591
1530 2053 1490
537 636 556
469 564 570
664 875 747
2195 2864 2440
1108 1517 1315
1095 1401 1108
885 1258 1057
405 556 493
1128 1544 1279
448 604 495
356 512 419
852 1104 944
1717 2212 1954
820 1187 949
316 439 296
402 539 436
430 523 496
175 188 171
1589 1994 1852
-1 -1 -1
1740 2219 1803
742 1112 981
357 452 390
386 518 387
2298 2921 2675
1424 1939 1639
1330 1609 1469
961 1299 1093
334 409 349
1146 1561 1356
824 1122 898
322 408 370
-1 -1 -1
1195 1537 1235
337 432 398
395 453 448
374 458 340
605 793 752
320 410 383
1378 1835 1559
441 606 481
1496 2042 1562
239 343 227
572 839 715
186 260 316
2290 3092 2826
905 1341 1135
895 1126 1041
1173 1572 1335
147 200 168
823 1117 778
469 628 498
301 387 320
977 1345 1148
1700 2302 1950
-1 -1 -1
583 712 642
502 645 561
425 575 493
588 735 636
1738 2165 1815
312 446 381
1298 1558 1372
408 548 500
360 408 388
368 428 388
1697 2222 1880
926 1348 1128
980 1247 1033
1573 2009 1733
203 291 235
749 1025 865
486 566 539
366 508 384
857 1275 1000
1399 1778 1465
783 988 874
320 479 468
346 521 423
722 911 859
494 598 516
2216 2992 2576
326 433 369
-1 -1 -1
712 847 730
522 643 646
532 796 621
3027 3917 3437
1889 2559 2103
1282 1670 1441
1582 2224 1716
641 784 603
1484 1792 1583
639 802 666
1073 1275 1108
991 1367 1059
1693 2151 1920
791 987 850
226 316 253
690 877 770
770 933 806
450 562 539
3064 3924 3538
421 558 515
-1 -1 -1
801 1052 924
981 1130 930
511 599 577
1773 2298 1975
1114 1480 1237
713 1038 777
1056 1401 1050
534 719 550
2780 3525 2833
469 667 507
560 681 566
1314 1607 1369
1156 1542 1299
466 616 508
368 451 449
350 439 444
535 733 540
648 755 680
2014 2784 2273
221 337 281
1474 1889 1687
-1 -1 -1
517 613 577
273 379 275
1820 2478 2072
1248 1633 1431
682 812 715
1049 1478 1191
150 185 179
1434 1874 1604
365 427 354
343 489 353
1077 1291 1214
1522 1996 1594
884 1059 993
467 613 472
381 518 416
-1 -1 -1
233 319 247
2653 3551 3034
367 457 412
2181 2998 2607
595 754 598
493 579 460
370 416 382
2132 2909 2359
1449 1929 1714
900 1279 1056
1281 1637 1545
358 442 435
1750 2293 2016
643 934 789
597 802 615
1193 1658 1301
1331 1658 1365
747 960 828
221 316 243
359 418 382
567 792 631
257 311 350
1542 1917 1592
246 363 269
1607 1970 1612
-1 -1 -1
470 703 580
398 497 369
1764 2421 2129
1341 1802 1383
991 1255 1140
995 1400 1168
179 235 206
1144 1506 1244
453 652 564
425 577 455
807 1087 965
1714 2200 1950
606 715 615
477 625 517
437 509 447
-1 -1 -1
550 694 656
1445 1853 1507
284 440 364
1702 2154 1927
328 402 360
89 109 97
274 300 265
1925 2579 2203
1276 1616 1281
947 1247 1065
901 1087 883
290 341 323
1187 1495 1259
643 801 692
295 401 344
972 1226 972
1313 1856 1543
552 776 658
194 268 193
407 490 430
311 392 386
328 430 369
1686 2187 1828
480 669 554
1100 1389 1165
-1 -1 -1
440 557 473
276 342 257
1930 2526 2173
1486 1801 1489
991 1259 1120
1458 1821 1509
349 459 378
798 1105 953
551 664 538
387 509 386
1316 1797 1557
720 851 801
988 1395 1213
385 415 398
500 639 528
374 459 395
179 204 177
1503 2097 1580
440 505 458
-1 -1 -1
632 859 754
406 576 491
484 655 519
1573 2031 1747
1548 1923 1719
911 1142 949
727 951 855
222 266 239
820 1032 902
511 610 541
313 453 329
