3.967226890756302637e+00 3.575268817204301008e+00 3.909163987138263519e+00
3.139461172741679906e+00 3.101535836177474525e+00 3.309081253319171356e+00
1.757575757575757569e+00 1.552631578947368363e+00 1.806306306306306286e+00
2.548725637181409098e+00 2.456760048721071676e+00 2.292181069958847850e+00
4.662499999999999645e+00 4.134396355353075592e+00 4.693037974683544000e+00
5.289440993788820045e+00 5.038652130822596220e+00 4.758583690987124193e+00
3.685534591194968623e+00 3.158854166666666519e+00 3.957516339869281197e+00
2.787546843470740665e+00 2.461686643835616639e+00 2.727739286630741500e+00
5.824137931034482740e+00 4.959090909090908994e+00 5.414925373134328090e+00
5.317148760330578483e+00 4.851943755169561889e+00 5.414271555996035268e+00
3.334085778781038290e+00 3.282846715328467280e+00 3.132762312633833091e+00
4.782417582417582302e+00 4.330016583747926973e+00 4.515274949083503131e+00
4.478056426332288176e+00 4.190647482014388636e+00 4.042313117066290928e+00
1.974148345010872108e+00 1.808679593721145062e+00 1.963381555153707048e+00
3.225268176400476694e+00 2.934041611332447896e+00 2.885211995863495194e+00
nan nan nan
3.751131221719457010e+00 3.706823925863521385e+00 3.636630754162585522e+00
3.875000000000000000e+00 4.305970149253731449e+00 4.748427672955974899e+00
4.875666074600355060e+00 4.360739030023094820e+00 4.712777191129883470e+00
3.250000000000000000e+00 3.198707592891760765e+00 3.228675136116152533e+00
1.166180758017492693e-02 5.855855855855855718e-02 2.341920374707260125e-02
3.818623481781376672e+00 3.653992395437262175e+00 4.150316455696202667e+00
4.240541802895843482e+00 3.901913875598086001e+00 4.092758340113913818e+00
3.163934426229508379e+00 2.300775193798449525e+00 2.732673267326732880e+00
nan nan nan
3.385214007782101131e+00 2.695876288659794007e+00 2.952542372881355792e+00
3.643661971830985724e+00 3.378061767838125729e+00 3.564495530012771418e+00
3.844748858447488704e+00 2.924198250728863080e+00 4.108108108108107892e+00
1.996945787732247402e+00 1.721286073987991383e+00 1.864192139737991250e+00
3.088235294117647189e+00 3.042772861356932257e+00 3.166383701188455024e+00
3.515363881401617263e+00 3.222359227291409667e+00 3.259086672879776270e+00
4.716859716859716833e+00 4.146706586826347518e+00 4.412571428571428811e+00
3.138461538461538414e+00 3.219721329046087988e+00 3.305381727158948735e+00
2.876126126126126170e+00 2.542311191992720598e+00 2.539560439560439420e+00
9.057142857142856940e-01 8.820083682008368342e-01 7.939574046557701381e-01
3.284300791556728161e+00 2.913725490196078294e+00 3.140827671402099952e+00
3.059661016949152490e+00 2.605717102020699727e+00 2.888224745965331852e+00
2.358897989575577281e+00 2.363267670915411234e+00 2.334212261041529235e+00
2.872309899569583713e+00 2.625692137320044139e+00 2.856767411300920045e+00
2.851181102362204900e+00 2.724663151728178079e+00 2.804123711340205993e+00
3.598141695702671505e+00 3.061312607944732367e+00 2.912149532710280209e+00
4.182509505703421726e-02 4.538577912254160296e-02 2.572347266881028910e-02
4.401559454191033005e+00 3.973954222573007122e+00 4.492606284658040572e+00
4.718070652173913082e+00 4.257632565613283404e+00 4.363135333741579913e+00
3.465564738292011171e+00 2.654343807763400953e+00 2.807870370370370239e+00
3.311512415349886940e+00 3.349315068493150527e+00 3.512524084778419819e+00
3.163533834586466309e+00 2.839363241678726446e+00 3.020376175548589170e+00
4.193236714975845381e+00 4.136622390891840695e+00 4.513157894736842479e+00
2.350000000000000089e+00 4.448275862068965303e+00 4.848484848484848619e+00
2.145652173913043637e+00 1.918330308529945460e+00 2.023063781321184695e+00
4.018835616438356517e+00 3.704960835509138573e+00 3.977564102564102644e+00
4.436188315371525803e+00 4.193850267379679586e+00 4.099447513812155108e+00
4.844444444444444109e+00 4.494736842105263364e+00 4.522727272727272485e+00
3.889887640449438244e+00 3.636952998379254343e+00 3.823144104803493537e+00
3.358320839580209771e+00 3.334494773519163680e+00 3.017567567567567721e+00
1.250000000000000000e+00 1.238948626045400347e+00 1.272727272727272707e+00
3.798903107861060224e+00 3.795709908069458738e+00 3.647823629169022031e+00
nan nan nan
3.187165775401069379e+00 2.713157894736842213e+00 2.818106995884773536e+00
3.339080459770114917e+00 3.202772963604852752e+00 3.483992467043314445e+00
3.696885813148788724e+00 3.367534456355283368e+00 3.372840976771887878e+00
3.630434782608695787e+00 3.312727272727272521e+00 3.666666666666666519e+00
3.416856492027334907e-02 3.554119547657512423e-02 5.031446540880503415e-02
1.096096096096096095e-01 1.301703163017031706e-01 1.328000000000000014e-01
1.265108783239323187e-01 1.363339856490541346e-01 1.324095458044649842e-01
8.021390374331550943e-02 1.005025125628140753e-01 5.913978494623656212e-02
5.202312138728323876e-02 5.144032921810699766e-02 4.878048780487805047e-02
6.682297772567409588e-02 6.546489563567362002e-02 7.601713062098501561e-02
5.291005291005290712e-02 4.539385847797063056e-02 5.016181229773462869e-02
7.380073800738007339e-02 7.098765432098765038e-02 5.925925925925926152e-02
5.307941653160453549e-02 3.027375201288244611e-02 3.462551750094090830e-02
1.675000000000000044e+00 1.290858725761772963e+00 1.635714285714285676e+00
nan nan nan
1.503906250000000000e-01 1.323529411764705899e-01 1.562500000000000000e-01
8.864468864468864062e-01 8.783958602846054786e-01 7.648766328011611382e-01
5.039215686274509665e-01 3.372093023255813837e-01 4.101221640488656450e-01
5.266558966074313258e-02 5.489824893516327686e-02 3.927844050043642621e-02
4.951768488745980634e-02 6.278026905829596493e-02 5.020673360897814214e-02
9.756097560975610095e-02 5.524239007891770109e-02 7.872928176795579436e-02
3.861751152073732984e-01 3.900560224089635875e-01 3.282868525896414091e-01
5.747126436781608838e-01 5.333333333333333259e-01 6.253443526170798794e-01
3.315743183817062567e-01 2.782204515272244105e-01 2.660550458715596478e-01
1.272264631043256988e-01 1.759834368530020787e-01 1.047008547008547036e-01
2.564102564102564014e-02 4.038772213247172893e-02 3.327171903881700338e-02
1.986650485436893154e+00 1.933023255813953512e+00 1.852910052910052841e+00
2.837808807733619876e+00 2.853369763205828580e+00 2.731462925851703361e+00
1.436619718309859239e+00 1.423487544483985845e+00 1.206611570247933862e+00
6.928571428571428381e-01 8.051948051948052409e-01 6.687898089171974148e-01
1.429967426710097689e+00 1.385697538100820525e+00 1.532394366197183055e+00
2.961538461538461675e+00 2.595061728395061884e+00 2.828060522696011159e+00
nan nan nan
6.333929027316823612e-01 6.054953870838347685e-01 6.019783325482807035e-01
3.231250000000000178e+00 3.144186046511627808e+00 3.227397260273972446e+00
3.168508287292817638e+00 3.336871903750884716e+00 3.389645776566757363e+00
3.359999999999999876e+00 2.743145743145743332e+00 3.078998073217726450e+00
2.739952718676122778e+00 2.304964539007092306e+00 2.655844155844155896e+00
7.628865979381442841e-01 4.915254237288135819e-01 5.761904761904761418e-01
5.000000000000000278e-02 5.481798715203425876e-02 4.358593363051015135e-02
1.566555740432612254e+00 1.443604284814114624e+00 1.484194294525828850e+00
2.002288329519450905e+00 2.042399172699069343e+00 1.910813823857302030e+00
9.432835820895522083e-01 8.590410167533217844e-01 9.056468906361686555e-01
1.245210727969348730e+00 1.273311897106109258e+00 1.225454545454545352e+00
2.355595667870036269e+00 2.161224489795918302e+00 2.240099009900990090e+00
1.319383259911894202e+00 1.170212765957446832e+00 1.345338983050847537e+00
3.485254691689008283e-02 4.497354497354497105e-02 3.055555555555555455e-02
nan nan nan
3.534803921568627327e+00 3.134194474345174175e+00 3.358024691358024505e+00
2.522522522522522515e+00 2.008720930232557933e+00 2.571428571428571619e+00
2.820512820512820706e+00 2.234347048300536542e+00 2.511737089201877993e+00
2.010654490106544845e+00 1.874041621029572946e+00 1.975000000000000089e+00
3.179620034542314233e+00 2.615989515072083993e+00 3.073954983922829509e+00
2.865900383141762653e+00 2.963788300835654699e+00 2.778501628664495016e+00
1.310146211785556014e+00 1.184120465434633784e+00 1.230095541401273973e+00
2.775510204081632626e+00 2.269581056466302371e+00 2.433808553971486877e+00
2.725645076355976748e+00 2.547904191616766401e+00 2.717413972888425455e+00
3.396648044692737400e+00 3.220930232558139483e+00 3.585301837270341352e+00
2.399456521739130377e+00 2.064202334630350411e+00 2.709039548022599053e+00
2.262390670553935834e+00 2.008281573498964967e+00 2.153846153846153744e+00
6.473429951690820583e-02 7.575757575757575968e-02 5.641688199827734479e-02
2.447008547008547197e+00 2.318897637795275468e+00 2.387402223137093493e+00
2.139768339768339800e+00 2.161178509532062364e+00 2.137298091042584502e+00
2.186071817192600797e+00 2.102404274265360584e+00 2.164113785557987057e+00
2.104132231404958642e+00 2.020408163265305923e+00 2.058536585365853711e+00
1.870922970159611287e+00 1.589180503481521178e+00 1.718482252141982913e+00
2.647676161919040538e+00 2.525597269624573205e+00 2.362045760430686592e+00
5.009633911368015224e-02 3.517587939698492427e-02 4.385964912280701511e-02
2.126554498902706758e+00 1.867210250436808439e+00 1.880557398805573932e+00
2.074463007159904393e+00 1.917223459539717956e+00 1.992314261315115242e+00
6.268343815513627293e-01 5.197657393850658725e-01 5.205992509363296383e-01
8.640350877192982670e-01 7.471698113207546621e-01 9.350649350649350433e-01
1.840354767184035456e+00 1.476603119584055435e+00 1.800000000000000044e+00
nan nan nan
3.454545454545454586e+00 3.393665158371040658e+00 3.742382271468144062e+00
6.997282608695652717e-02 6.563071297989031549e-02 7.266721717588769947e-02
3.837171052631578760e+00 3.409952606635071160e+00 3.499210110584518141e+00
3.898305084745762539e+00 3.546762589928057707e+00 3.639358108108107892e+00
2.854085603112840541e+00 2.490455212922173089e+00 2.232899022801302813e+00
3.618666666666666476e+00 3.580717488789237457e+00 3.642076502732240595e+00
1.398963730569948272e+00 1.632812500000000000e+00 2.207100591715976279e+00
2.983095790520384413e-02 2.918624783576552126e-02 2.835903083700440364e-02
1.100000000000000089e+00 1.077170418006430763e+00 9.233983286908078458e-01
1.926211453744493429e+00 2.016697588126159513e+00 1.856236786469344535e+00
2.187827911857292751e+00 1.827245053272450459e+00 1.952504317789291788e+00
2.975945017182130670e+00 2.399999999999999911e+00 2.319749216300940553e+00
3.124528301886792647e+00 2.686511627906976951e+00 2.636459430979979146e+00
1.747512437810945229e+00 1.528428093645485042e+00 1.639233370913190546e+00
8.011049723756906438e-02 1.052631578947368363e-01 5.744125326370757428e-02
6.134601832276250555e+00 5.379536290322580960e+00 5.279816513761468322e+00
4.492996108949416367e+00 4.097035040431267205e+00 4.385703918722787087e+00
2.903092783505154539e+00 2.399153737658674235e+00 2.326203208556149704e+00
1.832884097035040460e-01 1.460674157303370746e-01 2.103825136612021973e-01
6.450777202072538685e+00 5.163333333333333108e+00 5.768240343347639687e+00
2.002229654403567594e+00 2.006422018348623659e+00 1.962382445141065856e+00
3.338362068965517349e+00 3.719266055045871600e+00 3.379746835443037778e+00
1.455743879472693125e+00 1.313081650570675940e+00 1.361435548948821461e+00
6.139423076923076650e+00 5.909433962264150964e+00 5.528301886792452713e+00
6.785540211210397743e+00 6.092649783817170928e+00 6.461482558139534760e+00
5.146833013435700543e+00 4.605761940864290693e+00 4.745331069609507679e+00
5.465306122448979842e+00 5.037821482602118373e+00 5.258992805755395850e+00
5.306603773584905426e+00 4.174342105263157521e+00 5.187234042553191316e+00
4.902962206332992651e-02 5.036555645816409577e-02 3.772683858643743893e-02
4.000736377025036816e+00 3.485046220772158865e+00 3.952574525745257361e+00
nan nan nan
4.117647058823528994e+00 3.711409395973154446e+00 3.649164677804296097e+00
6.238461538461538503e+00 5.393442622950820109e+00 5.812080536912751505e+00
6.677200902934536941e+00 6.417966313162819958e+00 6.866959064327485152e+00
4.668407310704960622e+00 4.279527559055118502e+00 4.354357798165137794e+00
5.398457583547557753e-02 6.297229219143576917e-02 5.235602094240837667e-02
4.009606986899563630e+00 3.575558475689881721e+00 3.991589571068124620e+00
4.535341830822711806e+00 4.095917784755923385e+00 4.373378839590444045e+00
3.381132075471698251e+00 2.992167101827676312e+00 2.933544303797468444e+00
nan nan nan
2.706382978723404165e+00 2.304654442877291931e+00 2.821428571428571619e+00
4.473076923076923173e+00 4.182516810758885484e+00 4.273455377574371106e+00
4.590809628008752696e+00 4.242424242424242209e+00 4.276803118908381940e+00
1.659194876486733694e+00 1.522063933287004955e+00 1.483897268650631984e+00
4.410447761194030036e+00 2.836448598130841159e+00 3.350000000000000089e+00
3.589229144667370530e+00 3.249898415278342334e+00 3.366528354080221330e+00
4.979104477611940638e+00 4.166093928980527217e+00 4.714685314685314488e+00
3.485943775100401432e+00 3.165951359084406391e+00 3.244131455399061004e+00
1.743295019157088177e+00 1.784789644012944931e+00 1.523569023569023573e+00
2.941176470588235253e-02 4.532710280373832001e-02 3.448275862068965469e-02
3.178378378378378333e+00 2.655928411633109665e+00 2.919380672717565517e+00
2.956077630234933640e+00 2.585672082717873188e+00 2.929401251117068838e+00
2.647355163727959759e+00 2.225140712945591126e+00 2.250283125707814413e+00
2.569148936170212671e+00 2.745412844036697386e+00 2.225165562913907102e+00
3.348580441640378602e+00 3.345559845559845424e+00 3.146059291395517210e+00
3.041487839771101598e+00 3.042285714285714260e+00 2.683994528043775585e+00
5.400696864111498297e-02 6.153846153846154188e-02 3.807947019867549687e-02
4.353982300884955414e+00 3.991720331186752624e+00 4.053932584269662520e+00
4.613585746102449647e+00 4.375326939843068530e+00 4.637379380396140505e+00
2.614379084967320299e+00 2.195443645083932971e+00 2.167852062588904616e+00
2.277551020408163485e+00 1.936599423631123917e+00 2.111111111111111160e+00
2.553240740740740922e+00 2.090106007067138005e+00 2.334939759036144480e+00
3.018963337547408532e+00 2.829523809523809330e+00 2.768253968253968189e+00
nan nan nan
1.418247671610900262e+00 1.353699932111337434e+00 1.324285255380661663e+00
2.881918819188191705e+00 2.802941176470588047e+00 2.556962025316455556e+00
3.290568654646324642e+00 2.923155737704917989e+00 2.969293163383545764e+00
4.157381615598885638e+00 3.771604938271604812e+00 4.044902912621359370e+00
3.714285714285714413e+00 3.623632385120350019e+00 3.461928934010152226e+00
2.762096774193548487e+00 2.543859649122806932e+00 2.290909090909091006e+00
3.966402239850676942e-02 3.069236259814418430e-02 3.153347732181425306e-02
2.890769230769230980e+00 2.656989247311828173e+00 2.581632653061224580e+00
2.748653500897666024e+00 2.406675749318801127e+00 2.632569558101473195e+00
2.624595469255663449e+00 2.292968750000000000e+00 2.443076923076922924e+00
2.780927835051546282e+00 2.982456140350877138e+00 2.422169811320754818e+00
2.554293825408090690e+00 2.610458284371327764e+00 2.688546550569323568e+00
2.526802218114602372e+00 2.281290322580645125e+00 2.283048211508553749e+00
4.159132007233273115e-02 5.555555555555555247e-02 7.243816254416961253e-02
1.299879081015719584e-01 1.218117854001758982e-01 1.511752136752136655e-01
5.314197051978277603e-02 4.466075007157171289e-02 4.195561719833564712e-02
3.155006858710562162e-02 3.131991051454138808e-02 3.825136612021858007e-02
5.826771653543307006e-02 2.564102564102564014e-02 3.142857142857143071e-02
9.659090909090908839e-02 1.039236479321314910e-01 8.115183246073298662e-02
3.433001107419712122e-02 4.137931034482758563e-02 2.615062761506276034e-02
1.182634730538922180e-01 9.969481180061037784e-02 1.080432172869147667e-01
3.469279661016948929e-02 3.784901758014477813e-02 2.824193927983054825e-02
3.514938488576450221e-02 4.360465116279069880e-02 5.787781350482314874e-02
nan nan nan
4.070796460176991094e-02 4.679802955665024466e-02 2.727272727272727140e-02
4.667651403249630793e-01 4.180327868852459217e-01 3.628318584070796549e-01
2.713178294573643373e-02 3.925619834710743911e-02 3.981797497155858956e-02
3.504161191414804921e-02 2.755326965466568800e-02 3.220409870347135106e-02
3.758169934640522708e-02 2.921253175275190586e-02 2.897838899803536344e-02
3.576864535768645159e-02 3.831204886174347651e-02 3.346456692913386127e-02
4.194630872483221667e-02 2.802547770700637014e-02 2.717825739408473093e-02
1.235154394299287361e-01 1.257142857142857229e-01 7.009345794392522755e-02
3.735144312393887805e-02 3.401657217618839907e-02 4.039301310043667825e-02
4.264705882352941291e-02 3.420752565564424280e-02 1.464713715046604518e-02
3.181189488243429953e-02 3.982777179763186126e-02 2.744237102085620231e-02
1.357791225416036252e+00 1.155727923627684950e+00 1.171939477303989063e+00
1.568881118881118919e+00 1.531466512702078564e+00 1.498161150117017781e+00
1.587734241908006716e+00 1.516733601070950455e+00 1.456692913385826849e+00
1.070329670329670302e+00 1.072727272727272751e+00 9.880239520958083999e-01
1.057356608478803084e+00 1.103313840155945469e+00 1.102689486552567155e+00
nan nan nan
2.207589285714285587e+00 2.393320964749536373e+00 2.595505617977527990e+00
3.801246929907424743e-01 3.471908419942762447e-01 3.675031144331731836e-01
2.105660377358490543e+00 1.788043478260869623e+00 2.031358885017421567e+00
2.990529247910863386e+00 2.926773455377574162e+00 2.912111468381564983e+00
1.478011472275334581e+00 1.301960784313725528e+00 1.504424778761061843e+00
2.235751295336787514e+00 2.540178571428571619e+00 2.358056265984654676e+00
7.134986225895316725e-01 7.083764219234746085e-01 6.662636033857315399e-01
3.930131004366812369e-02 3.992878942014242011e-02 4.737783075089391921e-02
1.328891580860084742e+00 1.150045330915684394e+00 1.121544079290558216e+00
1.503767491926802924e+00 1.490863787375415361e+00 1.379343629343629418e+00
5.464684014869888307e-01 4.513981358189081416e-01 4.607843137254901689e-01
1.090301003344481545e+00 1.076923076923076872e+00 9.461538461538461231e-01
1.163580246913580307e+00 1.270777479892761352e+00 1.348303393213572843e+00
8.450704225352112520e-01 8.062130177514792440e-01 8.411306042884990619e-01
6.208425720620842914e-02 4.107424960505529077e-02 4.665314401622717988e-02
5.242130750605326739e+00 4.440781440781440992e+00 4.970376301040833056e+00
5.201703445605884824e+00 4.554705215419501130e+00 4.798060849214309975e+00
4.003021148036253862e+00 3.270661157024793209e+00 3.281012658227848267e+00
nan nan nan
3.379999999999999893e+00 2.772364924712134471e+00 3.181001283697047377e+00
4.116339869281045338e+00 4.071138211382113958e+00 3.803680981595091826e+00
4.615803814713896891e+00 4.353182751540041195e+00 4.459530026109660206e+00
2.580959337716094648e+00 2.486754335810939409e+00 2.386299588120528892e+00
4.283068783068783247e+00 3.878723404255319362e+00 4.094339622641509635e+00
4.635031847133758376e+00 4.079333986287952740e+00 4.583233532934131382e+00
6.540372670807453659e+00 5.078838174273858641e+00 5.253807106598984866e+00
5.301639344262294884e+00 4.333333333333333037e+00 4.186602870813397104e+00
3.460076045627376473e+00 2.676282051282051100e+00 3.276150627615062927e+00
3.906522497384025405e-02 3.723125327739905399e-02 3.980582524271844558e-02
3.863450531479967420e+00 3.589726918075422546e+00 3.930284857571214374e+00
3.531201248049922192e+00 3.393380012730744966e+00 3.519786910197868934e+00
3.144736842105263275e+00 3.071151358344113902e+00 3.266868840030325849e+00
3.383802816901408494e+00 3.240506329113924000e+00 3.261484098939929410e+00
3.522012578616352307e+00 3.103822557810287819e+00 3.102899374644684460e+00
4.352216748768473309e+00 4.015045135406218435e+00 4.062015503875969102e+00
1.694915254237288060e-01 1.786833855799372928e-01 1.803921568627450955e-01
2.066006600660065917e+00 1.815003178639542192e+00 1.897379912663755386e+00
2.546626984126984183e+00 2.338366240805265228e+00 2.301516503122212232e+00
1.027272727272727337e+00 8.959608323133414487e-01 8.430493273542600807e-01
1.276315789473684292e+00 1.363171355498721260e+00 1.320000000000000062e+00
9.194805194805194537e-01 8.586723768736617135e-01 7.931937172774868872e-01
nan nan nan
3.441064638783270180e+00 2.913978494623655990e+00 3.192504258943781981e+00
1.482359916987844584e-01 1.437198067632850240e-01 1.499272197962154274e-01
3.464788732394366022e+00 2.865853658536585247e+00 2.989177489177489377e+00
2.585099111414900896e+00 2.184037558685445912e+00 2.234792495736213969e+00
2.183050847457626897e+00 1.970767356881851340e+00 1.736111111111111160e+00
2.727915194346289596e+00 2.390243902439024293e+00 2.250000000000000000e+00
7.987987987987987815e-01 7.275132275132275561e-01 6.235294117647058876e-01
5.128205128205128027e-02 3.686150605581885176e-02 2.737940026075619260e-02
1.159470068694798739e+00 9.702861335289801881e-01 9.449262792714657744e-01
2.133274492497793329e+00 1.962482946793997263e+00 2.130325814536341067e+00
3.906420021762785910e-01 3.567299752270850499e-01 3.075453677172874656e-01
1.219008264462809965e+00 8.571428571428570953e-01 1.040322580645161255e+00
2.388888888888888840e+00 2.203642384105960250e+00 2.275499474237644648e+00
1.228260869565217295e+00 1.014101057579318343e+00 1.027737226277372296e+00
1.287313432835821003e-01 1.030769230769230799e-01 9.813874788494077184e-02
3.120464441219158225e+00 2.822173435784852025e+00 3.152956298200514151e+00
3.504401408450704025e+00 3.278159340659340781e+00 3.397114654517843668e+00
4.223762376237623961e+00 4.089615931721194642e+00 3.975524475524475410e+00
4.060150375939849954e-02 3.599550056242969975e-02 3.647798742138364664e-02
1.955589586523736489e+00 1.959584295612009308e+00 1.964187327823691431e+00
5.946843853820598103e-01 6.187845303867403057e-01 6.405228758169934089e-01
3.484472049689440798e+00 3.234309623430962510e+00 3.564102564102564319e+00
1.359083191850594119e+00 1.266085790884718509e+00 1.182020802377414581e+00
2.507399577167019000e+00 2.076071922544951764e+00 2.199658703071672328e+00
1.674062739097169183e+00 1.552182163187855846e+00 1.431635388739946446e+00
nan nan nan
1.960784313725490113e+00 1.864130434782608647e+00 2.036912751677852462e+00
1.516260162601626105e+00 1.482608695652174013e+00 1.407732864674868134e+00
5.216360403082394986e-02 3.359410952600092037e-02 3.889515219842164945e-02
1.478666666666666574e+00 1.463279678068410528e+00 1.387311178247734089e+00
1.021381578947368363e+00 7.604790419161676640e-01 9.017094017094017255e-01
1.166666666666666741e+00 4.117647058823529216e-01 nan
1.653721682847896446e+00 1.701117318435754200e+00 1.938906752411575507e+00
1.064741035856573648e+00 9.106280193236715448e-01 8.839724680432644588e-01
2.609442060085836790e+00 2.274167987321711770e+00 2.384745762711864447e+00
5.789473684210526272e-02 1.162790697674418589e-01 1.396648044692737345e-01
4.249602543720190972e+00 4.085308056872038129e+00 4.507645259938837690e+00
5.316814159292035491e+00 4.824545030331311324e+00 4.807995791688584930e+00
3.952861952861952854e+00 3.570987654320987748e+00 4.702127659574467877e+00
2.046052631578947345e+00 2.422818791946308892e+00 2.441358024691357986e+00
3.454545454545454586e+00 2.909620991253644373e+00 3.810714285714285499e+00
4.650887573964497257e+00 4.810154525386313829e+00 5.194915254237288060e+00
4.636678200692041507e+00 4.223684210526315930e+00 4.211796246648793485e+00
2.520387565603552815e+00 2.263349514563106624e+00 2.312942008486563061e+00
4.240527182866556721e+00 4.271276595744680549e+00 4.544262295081967551e+00
4.851990984222389613e+00 4.540619520748100157e+00 4.588002636783124366e+00
4.838114754098360670e+00 4.482484076433120634e+00 4.833333333333333037e+00
3.877551020408163129e+00 3.992481203007518964e+00 4.263157894736842479e+00
4.003571428571429003e+00 3.296388542963885282e+00 3.321375186846038829e+00
4.368698991838694534e-02 4.947707160096540685e-02 4.264292408622305519e-02
nan nan nan
3.886623164763458593e+00 3.695457453614843235e+00 4.016077170418006048e+00
3.173295454545454586e+00 2.815162454873646247e+00 3.016521739130434643e+00
3.934375000000000178e+00 3.343137254901960898e+00 3.627272727272727426e+00
4.492450638792102602e+00 4.117318435754190098e+00 4.111458333333333215e+00
4.123333333333333073e+00 4.100574712643678232e+00 4.276872964169380786e+00
5.116279069767441789e-02 6.289308176100628922e-02 5.970149253731343170e-02
nan nan nan
4.430138990490124051e+00 4.158803222094361374e+00 4.222435897435897090e+00
2.773026315789473895e+00 2.783919597989949590e+00 2.704761904761904923e+00
1.747572815533980473e+00 1.693133047210300335e+00 1.644591611479028659e+00
2.613065326633166041e+00 2.218382352941176361e+00 2.300278035217794059e+00
3.257142857142857117e+00 2.989567809239940477e+00 2.861852433281004693e+00
3.292592592592592737e+00 2.887240356083085935e+00 3.432432432432432456e+00
1.676532769556025260e+00 1.611080636313768411e+00 1.676658807679353380e+00
1.920583468395461901e+00 1.822928490351872766e+00 1.948753462603878051e+00
2.387803716055264314e+00 2.233713654766286361e+00 2.230633802816901490e+00
4.247833622183708968e+00 3.733077905491698711e+00 3.858280254777070262e+00
3.371604938271604901e+00 2.645324347093513051e+00 2.822381930184804766e+00
1.918845807033363382e+00 1.834372834372834271e+00 1.811145510835913353e+00
5.597201399300349989e-02 4.550713459313536491e-02 3.912647861692447604e-02
2.339277753009362470e+00 2.146428571428571352e+00 2.296374367622259882e+00
2.565008025682182780e+00 2.243044822256568871e+00 2.214890771288453131e+00
1.646098003629764106e+00 1.413199426111908075e+00 1.540229885057471160e+00
1.945993031358885128e+00 1.918918918918918859e+00 1.855987055016181220e+00
2.159741458910434009e+00 1.934618031658637216e+00 2.168103448275862100e+00
2.485933503836317282e+00 2.281632653061224314e+00 2.270531400966183444e+00
3.076923076923077094e-02 3.614457831325301046e-02 3.476482617586912349e-02
5.938494167550371211e-02 5.213270142180094491e-02 5.725567620927937001e-02
4.959999999999999964e-01 4.353268428372739640e-01 4.335719968178202155e-01
5.133079847908745413e-02 5.394190871369294871e-02 3.374777975133214786e-02
2.601156069364161938e-02 4.836759371221281689e-02 2.666666666666666838e-02
4.234527687296416737e-02 5.939226519337016674e-02 3.915171288743882205e-02
2.766798418972332002e-02 3.716216216216216423e-02 4.247787610619468968e-02
4.453441295546558404e-02 5.177993527508090860e-02 5.263157894736841813e-02
3.572929802437999069e-02 3.149867374005305143e-02 3.232163973196688911e-02
1.193609022556390897e+00 1.089080459770114917e+00 1.208333333333333259e+00
nan nan nan
2.703412073490813472e-01 2.051792828685259085e-01 2.717948717948717730e-01
8.689516129032257563e-01 7.755834829443446488e-01 8.862275449101796321e-01
8.936842105263157476e-01 8.524590163934425702e-01 7.299729972997299754e-01
2.883970489604292461e-02 4.277566539923954164e-02 3.516998827667057459e-02
6.458635703918723381e-02 4.162042175360710500e-02 6.336088154269972628e-02
1.074168797953964222e-01 8.417200365965232800e-02 9.217046580773043118e-02
1.709489051094890577e+00 1.418221734357848485e+00 1.415446071904127745e+00
1.450532724505327220e+00 1.246913580246913567e+00 1.371148459383753515e+00
1.428571428571428492e-01 1.146131805157593192e-01 1.026178010471204133e-01
3.811149032992036667e-01 3.779322328410077980e-01 3.597733711048158867e-01
5.373831775700934482e-02 9.230769230769231282e-02 9.290953545232273625e-02
1.142523364485981352e+00 1.143389199255121058e+00 1.149623250807319641e+00
1.724614134849715708e+00 1.552238805970149294e+00 1.678906250000000044e+00
1.879912663755458624e+00 1.776408450704225261e+00 1.896186440677966045e+00
1.225000000000000089e+00 9.544117647058824039e-01 1.078358208955223940e+00
1.801925722145804709e+00 1.931995540691192836e+00 1.612167300380228152e+00
4.698224852071005486e+00 4.465049928673323620e+00 4.212171052631578760e+00
nan nan nan
4.643949322848405226e-01 4.352626296420207264e-01 4.297205757832345263e-01
2.668468468468468302e+00 2.671826625386997112e+00 2.761194029850746468e+00
3.786680020030045224e+00 3.411190386781825179e+00 3.650793650793650702e+00
3.047709923664122300e+00 2.559139784946236507e+00 2.673841059602648951e+00
3.428211586901763308e+00 2.642436149312377136e+00 3.053452115812917533e+00
5.707762557077625809e-01 6.248447204968944346e-01 5.335120643431635612e-01
2.498928418345477964e-01 2.023688663282571798e-01 1.973880597014925353e-01
1.445783132530120474e+00 1.436132983377077954e+00 1.445273631840795936e+00
2.123831775700934621e+00 1.945169712793733741e+00 1.895228215767634783e+00
4.105603448275861878e-01 3.213981244671781923e-01 3.920972644376899963e-01
1.135888501742160273e+00 1.028795811518324665e+00 9.104938271604938738e-01
2.337022132796780838e+00 2.004360465116278966e+00 2.108637577916295580e+00
1.410714285714285809e+00 1.263225806451612865e+00 1.110047846889952172e+00
2.864721485411140800e-01 1.903114186851211087e-01 2.376470588235294057e-01
4.238052299368800568e+00 3.797712651894210367e+00 3.926470588235293935e+00
3.841714756801319020e+00 3.291139240506329333e+00 3.313986013986014001e+00
3.898113207547169612e+00 3.491395793499044053e+00 3.511702127659574568e+00
4.586466165413534135e+00 3.546448087431694152e+00 3.461538461538461675e+00
3.247069431920649230e+00 3.238973008558262201e+00 3.025345622119815836e+00
4.701298701298701310e+00 4.060439560439560225e+00 3.921090387374461805e+00
4.579059829059828779e+00 4.265472312703582958e+00 4.301526717557251800e+00
2.456784594715629044e+00 2.252816901408450700e+00 2.271193250301325683e+00
2.905123339658444159e+00 2.638474295190713192e+00 3.108614232209737871e+00
3.893142857142857238e+00 3.534467713787085685e+00 3.863857374392220212e+00
3.877742946708464089e+00 3.459090909090908994e+00 3.907960199004975266e+00
2.923809523809523636e+00 3.227810650887573907e+00 3.184931506849315141e+00
2.885897435897435859e+00 2.516785350966429302e+00 2.717805151175811673e+00
1.958537915984724376e-01 2.470881863560732139e-01 2.861476238624873769e-01
3.270341207349081181e+00 3.060090135202804262e+00 3.344996930632289533e+00
nan nan nan
2.208791208791208938e+00 2.145235892691951918e+00 2.150431565967940717e+00
2.607940446650124144e+00 2.058724832214765321e+00 2.559523809523809312e+00
3.396551724137931050e+00 3.214925373134328357e+00 3.226136363636363580e+00
3.240740740740740922e+00 2.825602968460111164e+00 2.777777777777777679e+00
5.220228384991843634e-02 4.444444444444444614e-02 4.897959183673469136e-02
1.584982935153583572e+00 1.387062566277836639e+00 1.411265899454875905e+00
5.226781857451403557e-01 5.788571428571428479e-01 4.424484364604124864e-01
3.147023086269744585e-01 2.724014336917562895e-01 2.617449664429530309e-01
1.013050570962479524e+00 9.880478087649402497e-01 9.102749638205499538e-01
5.387673956262425401e-01 4.433285509325681217e-01 5.221238938053097689e-01
nan nan nan
1.752788104089219257e+00 1.888168557536466841e+00 1.653061224489795977e+00
1.194029850746268634e-01 9.454949944382647076e-02 1.224218230206254171e-01
1.284872298624754494e+00 1.155826558265582671e+00 1.108108108108108114e+00
1.212932723709993388e+00 1.087147030185004803e+00 1.176391683433936963e+00
8.736059479553903717e-01 8.414442700156985477e-01 8.958707360861759561e-01
1.023404255319148914e+00 1.023008849557522026e+00 8.266199649737302479e-01
6.165413533834586401e-02 8.561643835616437881e-02 5.347593582887700397e-02
3.233151183970855991e-02 3.455497382198952777e-02 3.891847603441212639e-02
4.941388638412984591e-01 4.407114624505928946e-01 3.670212765957446832e-01
1.542883211678832023e+00 1.452924393723252550e+00 1.474301172227231671e+00
7.900677200902934960e-02 5.321683876092136306e-02 4.914933837429111274e-02
3.694581280788177269e-01 3.447037701974865476e-01 2.611336032388664186e-01
1.210806023029229461e+00 1.125566343042071260e+00 1.155468750000000044e+00
3.942093541202672524e-01 3.388429752066115519e-01 2.963709677419354982e-01
1.064425770308123215e-01 5.847953216374268681e-02 7.857142857142856984e-02
3.399765533411489016e-02 3.800904977375565291e-02 3.386243386243386472e-02
3.434225844004656913e-02 3.886127428829642960e-02 3.222506393861892388e-02
3.775883069427527633e-02 3.703703703703703498e-02 3.789473684210526577e-02
5.678233438485804502e-02 3.181818181818181490e-02 5.050505050505050414e-02
4.764267990074441683e-01 5.129629629629629539e-01 4.874141876430205800e-01
5.568445475638050812e-02 4.770992366412214053e-02 4.024144869215291742e-02
3.409090909090908839e-02 2.116402116402116285e-02 5.813953488372092943e-02
3.647798742138364664e-02 3.959899749373433503e-02 2.914193200215866100e-02
nan nan nan
2.825962090752441314e-01 2.045045045045044974e-01 2.278270509977826930e-01
4.576043068640645722e-02 2.515723270440251708e-02 2.443991853360488742e-02
7.821229050279329686e-02 7.284768211920529535e-02 8.695652173913043237e-02
2.842377260981912221e-02 3.660886319845857440e-02 4.381443298969071865e-02
3.436276642018269017e-02 3.148528405201916208e-02 2.952167414050822086e-02
3.228070175438596534e-02 3.247422680412371393e-02 3.353658536585366057e-02
4.883546205860255646e-02 3.354037267080745011e-02 3.537414965986394877e-02
3.742203742203742411e-02 2.615384615384615252e-02 3.290676416819012656e-02
2.985074626865671585e-02 2.682926829268292637e-02 4.857142857142857095e-02
1.571926765475152532e+00 1.355313700384122910e+00 1.350036845983787703e+00
2.787878787878787790e-02 3.383793410507569127e-02 3.781979977753058969e-02
4.024767801857585120e-02 2.933985330073349621e-02 2.695417789757412544e-02
nan nan nan
3.249163879598662152e+00 2.926527958387516115e+00 2.993527508090614742e+00
3.156804733727810675e+00 2.792147806004618982e+00 2.776942355889724379e+00
3.063131313131313149e+00 2.834801762114537382e+00 2.761692650334075516e+00
2.271999999999999797e+00 1.886710239651416154e+00 2.612903225806451513e+00
3.754125412541254203e+00 3.326196473551637389e+00 3.107569721115537753e+00
3.775700934579439227e+00 3.622871046228710590e+00 3.291666666666666519e+00
2.033357505438723845e+00 1.797930283224400849e+00 1.839743589743589647e+00
1.997737556561085981e+00 1.723228995057660695e+00 1.879668049792531104e+00
2.210420841683366611e+00 2.020068526676455978e+00 2.246960972488803776e+00
3.183333333333333126e+00 2.613372093023255793e+00 3.105263157894736725e+00
2.745200698080279444e+00 2.217857142857142971e+00 2.290502793296089301e+00
2.219251336898395710e+00 2.210727969348659006e+00 1.763406940063091399e+00
5.368834570056743583e-02 3.815066278693824559e-02 3.997170145030067012e-02
3.009933774834437248e+00 2.418032786885246033e+00 2.682218309859154992e+00
2.601562500000000000e+00 2.426796805678793412e+00 2.265834932821497283e+00
1.968483816013628651e+00 1.612205975842339489e+00 1.671407185628742464e+00
2.304054054054053946e+00 2.278606965174129417e+00 2.242603550295858117e+00
2.228155339805825363e+00 1.831842576028622549e+00 2.214377406931963943e+00
2.553191489361702260e+00 2.503974562798092052e+00 2.745490981963927712e+00
4.304635761589403753e-02 5.927835051546391509e-02 6.542056074766354479e-02
3.128834355828221003e+00 2.956909361069836706e+00 2.978241949521323040e+00
3.319811875367431053e+00 2.858879722101606458e+00 2.989748846745258870e+00
nan nan nan
3.090753424657534332e+00 3.137447405329593320e+00 2.660964230171073197e+00
2.986083499005964370e+00 2.642414860681114419e+00 2.818505338078291622e+00
4.091549295774647987e+00 3.826388888888888840e+00 3.736842105263157965e+00
3.704584040747028961e+00 3.381793478260869623e+00 3.574568288854003129e+00
2.759056929269695146e+00 2.503231763619575112e+00 2.725220264317180785e+00
2.549520766773162972e+00 2.422818791946308892e+00 2.295811518324607281e+00
2.822170900692840600e+00 2.745991019884541195e+00 2.815003641660597022e+00
3.330073349633251745e+00 3.147540983606557319e+00 3.027944111776446956e+00
3.127423822714681556e+00 3.063569682151589202e+00 2.997429305912596487e+00
2.040650406504064929e+00 2.205128205128205288e+00 1.866323907455012865e+00
9.481743227326265566e-02 1.043634727845254156e-01 9.835194045720362099e-02
3.367853290183387305e+00 2.964418087472201702e+00 3.128432240921169338e+00
3.054026503567787820e+00 2.891025641025640969e+00 3.099613152804642002e+00
2.907242693773824715e+00 2.608955223880597085e+00 2.700692041522491316e+00
2.897058823529411686e+00 2.315068493150684859e+00 2.432203389830508655e+00
2.353333333333333499e+00 2.112085769980506900e+00 2.226327944572748407e+00
3.383983572895277181e+00 3.396825396825396748e+00 3.207407407407407263e+00
4.904632152588556115e-02 5.304518664047151028e-02 5.974025974025973934e-02
6.526806526806526454e-02 3.840125391849529696e-02 6.493506493506492894e-02
2.764285714285714124e-01 2.546374367622259438e-01 2.598908594815825257e-01
3.316326530612245110e-02 4.246713852376137605e-02 2.857142857142857054e-02
4.361370716510903217e-02 3.125000000000000000e-02 3.198294243070362586e-02
5.763688760806916223e-02 4.597701149425287293e-02 6.839622641509433831e-02
4.426002766251729142e-02 3.947368421052631360e-02 1.511627906976744165e-02
5.757575757575758013e-01 5.442404006677796779e-01 5.048355899419729731e-01
3.112313937753721088e-02 2.940193785499498752e-02 2.949165696546371743e-02
2.599388379204892741e-01 2.119815668202764958e-01 2.702702702702702853e-01
nan nan nan
5.610098176718092411e-02 2.830188679245283084e-02 3.419972640218878202e-02
1.510516252390057268e+00 1.276397515527950333e+00 1.476043276661514581e+00
1.838649155722326400e-01 1.430363864491844550e-01 1.334405144694533751e-01
7.628797886393659522e-02 6.380806533945890258e-02 7.417102966841186695e-02
4.126984126984126894e-02 3.828125000000000278e-02 4.039923954372623416e-02
2.572096648480124564e-02 2.692998204667863479e-02 5.062413314840499140e-02
1.187618445988629229e-01 9.393258426966291652e-02 1.188118811881188064e-01
3.489096573208722574e-01 3.426751592356687692e-01 2.798013245033112439e-01
3.501683501683501565e-02 4.182933630786391660e-02 2.840909090909090814e-02
5.156249999999999722e-02 5.603985056039850754e-02 6.146926536731633917e-02
4.003724394785847240e-02 4.467084639498432319e-02 4.869251577998196662e-02
1.188508064516129004e+00 1.039473684210526327e+00 1.116981132075471672e+00
3.435064935064934932e+00 3.025557620817843851e+00 2.989588755856324997e+00
1.368686868686868729e+00 1.365384615384615419e+00 1.098707403055229070e+00
1.013215859030836968e-01 6.940063091482649715e-02 1.535433070866141780e-01
1.706222865412445833e+00 1.644646924829157086e+00 1.594033722438391809e+00
2.527885862516212612e+00 2.438972162740899563e+00 2.334572490706319670e+00
3.434589800443458962e+00 3.000000000000000000e+00 2.757407407407407529e+00
3.044045676998368699e-01 3.276433121019108330e-01 2.896298389375530080e-01
3.725118483412322323e+00 3.402504472271913993e+00 3.170542635658914588e+00
nan nan nan
3.622194513715710773e+00 3.604938271604938294e+00 3.532972972972972858e+00
3.174134419551934982e+00 2.950486295313881513e+00 3.218045112781954931e+00
8.886718750000000000e-01 1.098333333333333384e+00 9.152249134948097220e-01
1.172491544532130725e-01 1.165724227925184903e-01 1.148785425101214591e-01
1.560538116591928315e+00 1.511141120864280873e+00 1.511308562197092087e+00
3.211484593837535151e+00 2.461982675649663221e+00 2.796915167095115784e+00
9.593188268684957887e-01 8.744650499286733547e-01 9.143672692673644464e-01
1.742056074766355156e+00 1.744444444444444464e+00 1.566243194192377564e+00
2.590435095289464140e+00 2.416619398752127168e+00 2.483415666901905627e+00
1.289361702127659548e+00 1.315868263473053856e+00 1.242125984251968518e+00
7.308377896613191260e-02 6.304985337243401711e-02 6.172839506172839164e-02
3.543726235741444963e+00 3.310323383084577298e+00 3.533576642335766405e+00
3.202247191011236005e+00 2.665586519766688145e+00 2.773076923076922995e+00
2.346895074946466764e+00 2.055105348460291914e+00 2.180746561886051094e+00
2.420054200542005596e+00 2.150442477876106206e+00 2.091111111111111143e+00
2.176638176638176603e+00 2.138636363636363669e+00 1.973033707865168518e+00
3.227611940298507509e+00 2.692098092643051555e+00 3.009242144177449063e+00
2.816640986132511681e+00 2.887566137566137670e+00 2.704845814977973717e+00
1.253101736972704661e+00 1.103052064631956819e+00 1.100263852242744145e+00
3.166666666666666519e+00 2.588757396449703929e+00 2.794326241134751587e+00
2.498305084745762628e+00 2.399470899470899532e+00 2.283175355450236754e+00
nan nan nan
2.851351351351351315e+00 2.521172638436481872e+00 2.489619377162629821e+00
1.156934306569343152e+00 9.973684210526315708e-01 1.043478260869565188e+00
6.205381658429434677e-02 5.687777329568374091e-02 4.727448142788229918e-02
2.582065652522017807e+00 2.321909424724602378e+00 2.275837988826815650e+00
2.308931185944363307e+00 2.098400984009840098e+00 2.178770949720670203e+00
1.209523809523809446e+00 1.096010818120351615e+00 1.128355704697986628e+00
1.655629139072847700e+00 1.784946236559139754e+00 1.438888888888888884e+00
2.825087108013937254e+00 2.454933333333333412e+00 2.596261682242990698e+00
2.013661202185792476e+00 1.908878504672897103e+00 2.053521126760563309e+00
1.424418604651162823e-01 1.122448979591836732e-01 1.638418079096045088e-01
1.509276437847866470e+00 1.343653250773993779e+00 1.524279835390946580e+00
3.893630991464215318e-01 3.024536805207811985e-01 3.241379310344827402e-01
1.887005649717514166e-01 1.698113207547169712e-01 1.448692152917505083e-01
9.465811965811965489e-01 8.517915309446254524e-01 9.069767441860464574e-01
7.277486910994764857e-01 6.281310211946049549e-01 5.971223021582733326e-01
nan nan nan
2.047008547008546842e+00 2.043750000000000178e+00 2.100806451612903025e+00
7.837226827430293641e-02 5.658783783783783577e-02 7.841845140032949191e-02
1.733695652173913082e+00 1.386462882096069826e+00 1.496368038740920170e+00
1.608615948670944151e+00 1.446815605201733801e+00 1.435199386503067442e+00
8.875838926174496324e-01 7.920529801324502905e-01 9.198664440734557468e-01
1.599190283400809820e+00 1.553448275862068906e+00 1.405639913232104021e+00
1.832884097035040460e-01 1.750599520383692986e-01 1.671018276762402111e-01
3.844350679793717696e-02 3.024054982817869427e-02 2.584745762711864250e-02
3.434482758620689413e-01 3.720207253886010368e-01 3.218658892128279936e-01
1.380688124306326259e+00 1.119531250000000089e+00 1.314096499526963058e+00
2.184087363494539857e-01 2.179487179487179516e-01 2.108667529107373928e-01
5.905292479108634751e-01 4.943566591422121625e-01 4.839449541284403522e-01
1.507709880068532238e+00 1.435919790758500403e+00 1.341100644521566743e+00
4.549689440993788803e-01 4.032085561497326109e-01 4.012658227848101000e-01
9.531772575250836710e-02 9.090909090909091161e-02 1.087662337662337608e-01
2.395309882747068686e-01 2.610006027727546640e-01 2.596006144393241399e-01
1.694444444444444420e+00 1.629897528631705894e+00 1.688872620790629497e+00
7.620320855614973188e-02 8.116545265348595883e-02 5.910735826296743128e-02
3.603603603603603572e-02 3.470031545741324858e-02 3.688524590163934358e-02
3.388888888888889062e-01 4.152744630071599219e-01 3.394255874673628992e-01
1.197183098591549227e-01 9.962168978562421784e-02 1.677215189873417778e-01
2.709302325581395277e+00 1.990384615384615419e+00 2.148148148148148362e+00
4.666234607906675352e-02 4.796663190823774459e-02 4.331450094161958669e-02
2.469635627530364363e+00 2.184065934065933856e+00 2.255555555555555536e+00
1.262437810945273631e+00 1.137493658041603295e+00 1.157470551766893951e+00
nan nan nan
1.163481953290870452e+00 1.019886363636363535e+00 1.084337349397590300e+00
5.764411027568921986e-02 8.835341365461847618e-02 1.081081081081081141e-01
5.495750708215297459e-02 3.633360858794384973e-02 3.521126760563380448e-02
5.663189269746646964e-02 5.379922351636162031e-02 3.829479768786127336e-02
5.806451612903226200e-01 4.697452229299363125e-01 6.459246275197195741e-01
4.417670682730923809e-02 4.853675945753033877e-02 4.790419161676646997e-02
1.833333333333333204e-01 2.923728813559322015e-01 2.173913043478260809e-01
1.594759825327510816e+00 1.497677504976774987e+00 1.466666666666666563e+00
1.629955947136563776e-01 9.494640122511485703e-02 1.061946902654867242e-01
1.244131455399061087e-01 9.515570934256055435e-02 1.535087719298245668e-01
3.185643564356435586e+00 2.938419117647058876e+00 3.010351966873705987e+00
2.995335276967930227e+00 2.831894593366651502e+00 2.804202972834443752e+00
1.958813838550247155e+00 2.060055865921787799e+00 1.957792207792207861e+00
2.112970711297071258e+00 1.867412140575079871e+00 1.882239382239382142e+00
1.082191780821917915e+00 1.131372549019607820e+00 1.029017857142857206e+00
nan nan nan
3.030852994555353952e+00 2.794244604316546976e+00 2.768645357686453590e+00
1.284232365145228316e+00 1.133764832793958899e+00 1.222811671087533192e+00
1.126315789473684159e+00 9.365079365079365115e-01 7.342465753424657349e-01
9.888432178508513859e-01 9.048723897911833403e-01 8.609958506224066888e-01
3.124620060790273435e+00 2.801488833746898166e+00 2.903047091412742198e+00
1.644444444444444375e+00 1.572727272727272751e+00 1.877551020408163351e+00
4.363636363636363424e-01 4.584717607973421982e-01 3.834586466165413321e-01
3.738317757009345516e-02 5.000000000000000278e-02 3.811252268602540599e-02
2.266249021143304621e+00 1.913419913419913465e+00 2.226989079563182372e+00
1.791139240506329111e+00 1.765224358974359031e+00 1.687617260787992457e+00
5.432372505543237029e-01 4.954044117647058987e-01 4.920814479638008776e-01
9.828178694158075102e-01 8.947368421052631637e-01 9.814814814814815103e-01
1.191919191919191823e+00 1.150401069518716568e+00 1.176984126984127021e+00
1.951863354037267184e+00 1.733167082294264416e+00 1.642135642135642115e+00
4.391891891891892136e-02 3.731343283582089221e-02 4.057971014492753326e-02
3.595066803699897395e+00 3.131214343928280464e+00 3.632065775950668041e+00
4.340943683409436815e+00 3.541195476575121237e+00 4.079015544041451058e+00
3.084990958408679873e+00 2.630630630630630851e+00 2.622154779969651184e+00
3.702564102564102733e+00 3.185873605947955323e+00 3.814432989690721865e+00
2.142156862745097978e+00 2.109979633401222188e+00 2.218097447795823740e+00
5.057692307692307487e+00 4.508905852417302462e+00 4.304909560723514161e+00
3.547112462006078992e+00 3.642691415313225267e+00 3.589189189189189388e+00
2.174273858921161651e+00 2.006398537477148025e+00 2.039365773646801383e+00
2.893970893970894132e+00 2.417910447761193904e+00 2.468468468468468568e+00
2.482288828337874786e+00 2.372661870503597115e+00 2.396226415094339757e+00
nan nan nan
3.229024943310657481e+00 3.136200716845878311e+00 3.196202531645569778e+00
2.563176895306859215e+00 2.274052478134110711e+00 2.759689922480620172e+00
8.959088555152770750e-02 7.914523149980214056e-02 7.727690892364305619e-02
3.063214525891055917e+00 2.884572697003329633e+00 2.928859060402684733e+00
3.046370967741935498e+00 2.612698412698412742e+00 2.685994647636039456e+00
3.172035640849897309e+00 2.914928649835345720e+00 3.390066225165563107e+00
3.434285714285714164e+00 3.176086956521739335e+00 3.284960422163588412e+00
2.471839799749687039e+00 1.886075949367088667e+00 2.075471698113207530e+00
3.414855072463768071e+00 3.186466165413533780e+00 3.662337662337662447e+00
1.056701030927835044e-01 7.647058823529412352e-02 8.010335917312660925e-02
1.108580106302202023e-01 1.357063403781980093e-01 1.347881899871630207e-01
2.773925104022191557e-02 3.169014084507042195e-02 3.491271820448877544e-02
2.932254802831142648e-02 4.011461318051576241e-02 4.365733113673805899e-02
4.663212435233160535e-02 5.528846153846153633e-02 2.756892230576440950e-02
3.952095808383233599e-01 3.671875000000000000e-01 3.818525519848771088e-01
4.800000000000000100e-02 3.695652173913043653e-02 4.292929292929292817e-02
1.166666666666666685e-01 7.317073170731706877e-02 3.370786516853932491e-02
2.925531914893617080e-02 2.716873212583412883e-02 3.478810879190386007e-02
1.158730158730158832e+00 1.140316205533596916e+00 9.869281045751634451e-01
nan nan nan
4.265402843601896060e-02 3.488372093023255766e-02 2.913907284768212091e-02
1.508599508599508532e+00 1.315424610051993071e+00 1.207317073170731669e+00
1.653608247422680311e+00 1.416158536585365946e+00 1.500000000000000000e+00
3.811944091486658276e-02 3.444881889763779653e-02 3.032036613272311165e-02
3.357004519044545082e-02 3.586278586278586478e-02 3.430232558139535010e-02
4.934210526315789547e-02 4.374453193350830854e-02 4.105263157894736836e-02
2.083791208791208938e+00 1.847689075630252198e+00 1.787383177570093462e+00
2.219730941704035843e+00 2.097378277153557846e+00 2.083333333333333481e+00
2.277710109622411716e-01 2.371732817037754126e-01 2.303433001107419720e-01
1.347656250000000000e-01 1.178396072013093293e-01 1.014760147601476009e-01
1.114649681528662450e-01 8.370044052863435946e-02 1.090909090909090856e-01
