4720 5984 4862
5942 7269 6230
405 530 400
1699 2016 1670
1491 1814 1482
4257 5083 4434
1171 1212 1210
9669 11500 10629
1688 2181 1813
10293 11731 10925
1476 1798 1462
2175 2610 2216
2856 3494 2865
8170 9793 8685
5411 6627 5579
-1 -1 -1
3315 4399 3712
1518 1730 1509
8234 9440 8925
1559 1979 1778
3 25 9
4715 5765 5245
9078 11416 10059
1350 1483 1379
-1 -1 -1
869 1045 870
2586 3171 2790
841 1002 911
7845 8886 8537
1679 2062 1864
6520 7839 6993
3664 4154 3860
2447 3003 2640
2553 2793 2310
1584 2107 1602
4978 5943 5084
4512 5286 4831
3167 4078 3540
2001 2370 2173
3620 4650 4079
3097 3544 3115
21 29 15
4515 5034 4860
6944 7948 7124
1257 1435 1212
1466 1955 1822
1682 1961 1926
1735 2179 1714
46 128 159
6908 8455 7104
2346 2837 2481
7820 9410 8161
1743 2134 1790
1730 2243 1750
2239 2870 2232
804 1036 867
6233 7431 6452
-1 -1 -1
3575 4123 3423
1742 1847 1849
5341 6596 5662
1502 1821 1781
14 21 23
72 106 82
156 208 171
14 19 10
17 24 19
56 68 70
29 33 30
19 22 15
130 93 91
401 465 457
-1 -1 -1
76 98 94
483 678 526
256 202 234
162 231 134
76 125 84
63 48 56
418 556 411
199 279 226
376 418 318
49 84 48
12 24 17
1636 2077 1750
2641 3132 2725
305 399 291
96 123 104
877 1181 1087
1770 2101 2055
-1 -1 -1
2480 3018 2555
1033 1351 1177
3440 4714 3731
1595 1900 1597
1158 1299 1226
147 115 120
88 127 87
1882 2290 1924
1749 1974 1713
1263 1486 1266
324 395 336
2609 3176 2714
598 714 634
12 16 10
-1 -1 -1
7210 8734 7887
559 690 611
1099 1248 1069
1320 1710 1500
1840 1995 1911
747 1063 852
2956 3459 3089
1223 1245 1194
5175 5956 5211
1215 1384 1365
882 1060 958
1551 1939 1707
133 204 130
5725 7067 5798
2770 3740 2910
2008 2360 1977
1272 1583 1265
2695 2966 2807
1765 2219 1754
25 20 24
2906 3205 2833
4345 5164 4665
298 354 277
196 197 215
829 851 836
-1 -1 -1
1367 1499 1350
308 358 351
2332 2877 2214
4369 4929 4308
1466 1695 1370
1356 1596 1332
269 417 372
89 117 102
1242 1674 1325
1748 2173 1755
2084 2400 2260
865 911 739
2483 2887 2501
1404 1827 1453
28 49 21
8704 10672 9207
11546 13679 12086
1407 1700 1304
67 64 76
1244 1548 1343
1795 2186 1877
1548 2026 1334
6183 7477 6410
1276 1565 1464
8352 9863 8890
5362 6074 5589
2677 3329 2923
1124 1268 1218
95 123 78
5432 6408 5833
-1 -1 -1
1539 1658 1528
810 986 865
8873 10287 9393
3575 4347 3796
20 24 19
4590 5441 4745
11741 14347 12813
1791 2291 1853
-1 -1 -1
1271 1633 1421
3488 4353 3734
2097 2239 2193
7253 8760 7279
590 606 535
6797 7997 7301
3335 3636 3370
1735 2212 2072
909 1102 904
48 96 59
5291 5935 5467
2893 3500 3277
2101 2371 1986
965 1196 1007
4245 5198 4350
2125 2661 1961
30 43 22
3935 4338 3607
8285 10036 9130
1599 1830 1523
557 671 531
1102 1182 968
2387 2970 2615
-1 -1 -1
8222 9969 8244
780 952 807
4744 5705 5124
2984 3665 3332
1351 1655 1363
684 869 629
84 85 72
1878 2470 2023
3061 3532 3216
2432 2934 2381
1078 1359 1026
3598 4442 4013
1366 1767 1467
22 39 40
214 276 282
136 155 120
22 27 27
36 20 21
67 97 61
30 47 24
78 97 89
130 182 119
19 29 35
-1 -1 -1
22 37 17
315 356 286
20 37 34
79 74 76
68 68 58
46 68 50
49 43 33
51 65 29
65 77 73
28 29 10
22 36 24
1794 1936 1703
4486 5304 4480
931 1132 924
486 530 494
847 1131 901
-1 -1 -1
988 1289 1154
2011 2304 2064
557 657 582
5367 6394 5433
772 995 849
862 1137 921
517 684 550
116 156 158
2193 2536 2149
1396 1794 1428
293 338 281
325 363 245
1130 1421 1350
899 1089 862
27 25 22
6494 7273 6207
13435 16068 14350
1324 1582 1295
-1 -1 -1
2365 3129 2477
3148 4005 3099
1693 2119 1707
10599 13047 11007
1618 1822 1735
7276 8329 7653
1052 1223 1034
1616 1858 1749
909 834 782
111 141 122
4724 5520 5242
4526 5330 4624
3823 4747 4308
960 1023 922
5599 6576 5457
3533 4002 3667
39 56 45
2503 2854 2606
5133 6039 5159
564 731 563
387 532 461
353 400 302
-1 -1 -1
3619 4064 3747
499 594 514
1229 1644 1380
3781 4651 3930
1287 1617 1249
771 979 773
265 274 211
77 69 41
2362 2644 2178
2416 2876 2549
358 431 321
589 467 515
2235 2661 2163
790 862 703
68 66 57
2149 2570 2452
3980 4772 4473
2132 2874 2273
26 31 28
1276 1696 1425
178 223 195
560 772 694
1600 1888 1590
1185 1500 1288
2187 2453 2135
-1 -1 -1
599 685 606
745 1022 800
87 72 68
2217 2908 2295
620 634 632
13 6 -1
510 608 602
1068 1130 898
1215 1434 1406
10 24 24
5345 6895 5895
9011 10338 9139
1173 1156 1104
621 721 790
873 997 1066
1571 2178 1838
1339 1604 1570
6242 7459 6540
2573 3211 2771
6457 7768 6959
2360 2814 2406
1329 1592 1457
2241 2646 2221
90 122 90
-1 -1 -1
4764 5775 4995
3350 3898 3468
1258 1363 1196
3867 4421 3946
1236 1426 1312
10 19 15
-1 -1 -1
6055 7227 6586
1685 2215 1987
719 788 744
2599 3016 2481
1823 2005 1822
888 972 888
4757 5873 4977
1184 1605 1406
5011 6068 5067
2450 2922 2422
2730 3139 2748
2127 2646 2339
111 117 85
5246 6009 5446
4793 5804 4967
906 984 937
1116 1419 1146
2338 2810 2514
971 1117 939
15 20 16
55 65 57
557 625 544
26 38 18
17 39 17
25 42 23
13 21 23
10 15 14
84 94 81
634 757 695
-1 -1 -1
102 102 105
430 431 443
848 1091 810
42 89 59
88 74 91
83 91 92
1170 1291 1062
952 1009 978
127 119 97
334 434 380
22 47 37
977 1227 1067
2122 2495 2148
860 1008 894
636 648 577
1309 1732 1271
2381 3129 2560
-1 -1 -1
1062 1300 1014
1480 1725 1479
7561 9083 8049
1596 1903 1614
1360 1344 1370
374 502 397
582 597 528
2639 3282 2904
1817 2234 1826
380 376 386
651 785 589
2322 2757 2367
710 978 695
107 109 100
4699 5312 4805
4659 5459 4738
3098 3651 3300
1219 1297 1124
3600 4919 3938
2533 2955 2732
2142 2618 2253
5485 6397 5652
1530 1590 1659
6812 8100 7151
1236 1521 1570
920 1090 929
2250 2473 2426
358 593 565
4983 6110 5448
-1 -1 -1
1808 2318 1743
1050 1226 1074
2560 3230 2838
1224 1522 1249
31 37 35
2321 2615 2329
725 1012 664
258 303 233
620 743 628
270 308 294
-1 -1 -1
942 1164 890
167 169 183
653 852 655
1856 2232 1753
469 535 498
480 577 471
40 74 39
70 98 94
547 668 482
1690 2036 1634
69 66 51
149 191 128
1366 1738 1478
176 204 146
37 29 32
28 41 31
58 85 62
30 43 35
17 13 14
191 276 212
23 24 19
5 3 9
57 78 53
-1 -1 -1
491 453 410
33 27 23
27 32 33
10 18 16
78 91 78
45 62 54
64 53 51
35 33 35
9 10 16
1802 2116 1831
22 37 33
12 11 9
-1 -1 -1
3885 4500 3699
1066 1208 1107
1212 1286 1239
851 865 890
2274 2640 2339
1211 1488 1263
2803 3300 2869
882 1045 905
3308 4126 3511
763 898 707
1572 1862 1639
414 576 558
122 117 112
2726 3244 3046
2330 2734 2360
2310 2535 2232
340 457 378
1835 2047 1724
1199 1574 1369
12 22 20
3059 3979 3421
5646 6583 5832
-1 -1 -1
1804 2236 1710
1501 1706 1583
1742 2203 1845
2181 2488 2276
4797 5421 4948
797 1082 876
3665 4280 3864
1361 1727 1516
1128 1252 1165
752 945 725
160 231 184
3121 3998 3531
2995 3607 3204
4575 5243 4682
590 675 573
1764 2166 1927
1647 1925 1731
17 26 22
55 48 64
386 452 380
25 41 24
13 14 14
19 23 28
31 35 12
284 325 260
68 87 75
84 91 99
-1 -1 -1
39 23 24
789 821 954
97 113 82
230 249 254
77 97 84
32 44 72
187 208 203
223 268 168
51 74 44
32 44 40
42 56 53
1178 1421 1183
5818 6510 5742
1083 1348 934
22 21 38
1178 1443 1228
1948 2277 1883
1548 1688 1488
932 1285 1024
1571 1901 1635
-1 -1 -1
2904 3795 3267
3116 3336 2995
454 658 528
207 267 226
1739 2237 1870
2292 2557 2175
1013 1225 960
931 1255 862
7203 8520 7037
605 878 630
40 42 34
4659 5322 4840
3704 4112 3604
1095 1267 1109
892 971 940
763 940 877
1729 1975 1627
1827 2182 1841
2524 3071 2501
702 874 787
3684 4534 3853
-1 -1 -1
1476 1547 1438
316 378 287
112 140 97
3224 3793 3258
1576 1705 1559
1269 1620 1344
249 331 258
4053 4602 4166
736 816 728
48 54 57
1626 1735 1851
592 603 516
166 179 143
442 522 428
277 325 248
-1 -1 -1
478 653 520
207 200 237
637 634 617
3509 4338 3742
528 597 550
789 900 647
67 72 63
81 87 60
497 717 551
1243 1432 1388
279 356 325
211 218 210
2639 3293 2704
292 376 316
56 72 66
285 432 337
2256 2703 2306
56 77 48
7 10 8
121 173 129
67 78 105
698 620 753
71 91 68
609 794 608
2029 2241 1866
-1 -1 -1
547 717 629
22 43 39
96 87 74
75 96 52
575 589 736
43 67 55
32 68 44
1825 2256 1825
73 61 59
52 54 69
2573 3196 2907
5136 6232 5470
1188 1474 1205
1009 1168 974
473 576 460
-1 -1 -1
1669 1941 1818
1856 2101 1843
320 412 267
1683 1949 1659
1027 1128 1047
147 172 183
119 137 101
71 128 83
2893 3093 2854
1697 2202 1798
489 538 434
285 305 317
1415 1720 1482
1256 1389 1137
12 14 13
3497 3841 3533
5703 6575 6297
1705 2043 1727
721 856 739
873 1035 955
1577 1771 1665
1166 1569 1327
3667 4389 3729
1391 1619 1369
2732 3297 2793
-1 -1 -1
1423 1749 1514
709 779 711
172 199 167
4554 5197 4363
3021 3291 3010
4627 5310 5118
1201 1460 1244
1974 2085 1979
1884 2118 1973
40 38 30
145 243 209
19 26 27
28 55 52
17 22 10
197 234 201
17 16 16
20 14 5
43 56 54
510 576 452
-1 -1 -1
26 29 21
613 758 593
801 928 779
59 69 52
51 68 58
44 49 38
1516 1758 1529
494 559 499
186 244 207
68 71 54
34 37 35
