2.115124153498871173e+00 1.818127608825283348e+00 1.823614110871130345e+00
2.426216640502354860e+00 2.095398428731761964e+00 2.464936886395511895e+00
2.280054644808743092e+00 1.892430278884462247e+00 2.157461809635722538e+00
1.943566591422121848e+00 1.752508361204013321e+00 1.965725806451612989e+00
1.796690307328605130e+00 1.482568807339449624e+00 1.653669724770642224e+00
2.600000000000000089e+00 2.577017114914425644e+00 2.329149232914923484e+00
2.078838174273859085e+00 2.003311258278145601e+00 2.120833333333333126e+00
1.684846856528747994e+00 1.480532185482293039e+00 1.633185622845888751e+00
nan nan nan
2.501400560224089631e+00 2.201219512195121908e+00 2.704081632653061007e+00
2.331168831168831002e+00 2.254608294930875445e+00 2.398447606727037495e+00
2.168591224018475927e+00 2.052823315118397218e+00 2.150602409638554313e+00
1.990028490028490138e+00 1.710583153347732255e+00 1.643564356435643470e+00
1.392539964476021241e+00 1.210280373831775780e+00 1.220746039856923870e+00
1.453523238380809657e+00 1.288297338021094918e+00 1.417871222076215521e+00
2.282302510716472721e+00 1.945971122496506833e+00 2.134743875278396263e+00
2.362035225048923603e+00 2.056417489421720646e+00 1.917266187050359783e+00
2.204778156996586969e+00 1.849875930521091894e+00 1.896610169491525388e+00
3.167499999999999982e+00 2.422982885085574356e+00 2.719801980198019997e+00
1.906666666666666732e+00 1.487804878048780477e+00 2.054313099041533697e+00
2.976190476190476025e-02 3.879310344827586327e-02 2.325581395348837177e-02
nan nan nan
2.990836896762369967e+00 2.790922259777885106e+00 3.009860788863109260e+00
2.962546816479400658e+00 2.445783132530120696e+00 2.342857142857142971e+00
2.221789883268482590e+00 2.003115264797507677e+00 2.088135593220338926e+00
2.296587926509186417e+00 2.167322834645669438e+00 1.916142557651991707e+00
2.580060422960725131e+00 2.518939393939394034e+00 2.545741324921135806e+00
2.826086956521739246e+00 3.352941176470588314e+00 2.941176470588235503e+00
2.352073476203729641e+00 2.123807504769980703e+00 2.189169499757163795e+00
3.022900763358778775e+00 2.218340611353711633e+00 2.883116883116882967e+00
2.268581081081081141e+00 2.161465400271370463e+00 2.180000000000000160e+00
2.226229508196721163e+00 2.027848101265822933e+00 2.327402135231316560e+00
1.670542635658914810e+00 1.382089552238805918e+00 1.754863813229571967e+00
2.472527472527472625e+00 2.045112781954887105e+00 2.027272727272727337e+00
1.346578366445916108e+00 1.163043478260869623e+00 1.148183556405353745e+00
2.972375690607734988e+00 2.635445362718090045e+00 2.534930139720558806e+00
2.857646229739252863e+00 2.552061855670102908e+00 2.737267080745341641e+00
2.728571428571428648e+00 2.319819819819819884e+00 2.584534731323722134e+00
2.139705882352941124e+00 2.074074074074073959e+00 2.144654088050314655e+00
1.378540772532188763e+00 1.346610761705101300e+00 1.253646677471637050e+00
2.898032200357781640e+00 2.883792048929663565e+00 3.120553359683794437e+00
5.154639175257731687e-02 1.818181818181818094e-02 4.166666666666666435e-02
4.810902896081771907e+00 4.618982118294360006e+00 4.653505237711523357e+00
nan nan nan
3.133333333333333304e+00 2.927165354330708791e+00 3.027522935779816571e+00
3.492385786802030267e+00 3.745098039215686292e+00 3.995798319327731107e+00
3.467153284671532720e+00 2.757333333333333414e+00 2.817164179104477473e+00
4.412523020257826722e+00 4.241581259150804861e+00 3.993127147766323048e+00
3.692307692307692513e+00 3.901886792452830210e+00 4.058035714285714413e+00
3.137809917355371958e+00 2.827136955830950260e+00 2.977591582229150546e+00
4.027972027972028357e+00 4.147058823529412130e+00 3.965034965034964998e+00
4.316348195329086757e+00 3.801308258381030036e+00 3.753764393268379074e+00
3.061041292639138156e+00 2.911722141823444243e+00 2.676291793313069878e+00
3.990033222591362172e+00 3.959420289855072550e+00 4.158620689655172065e+00
4.676646706586826241e+00 4.134387351778656239e+00 3.621890547263681537e+00
1.968390804597701216e+00 1.668783068783068702e+00 1.829629629629629717e+00
3.674528301886792470e+00 3.378019323671497709e+00 3.174025974025973973e+00
4.118219749652294759e+00 3.698039215686274694e+00 3.533044420368363969e+00
3.863128491620111848e+00 3.330950679056468910e+00 3.204918032786885362e+00
3.744966442953020280e+00 3.950738916256157474e+00 3.844827586206896353e+00
5.781002638522427794e+00 4.544229149115417421e+00 4.901565995525727359e+00
3.506756756756756577e+00 3.300275482093663726e+00 3.591715976331360860e+00
6.547619047619047949e-02 6.756756756756757132e-02 6.145251396648044456e-02
2.403165735567970085e+00 2.203402938901778629e+00 2.220248667850799329e+00
9.696300386526780501e-01 8.684863523573200794e-01 8.626929217668972694e-01
8.329048843187660811e-01 7.463917525773196004e-01 6.604215456674472629e-01
8.454545454545454586e-01 7.411764705882353255e-01 5.555555555555555802e-01
9.574468085106383475e-01 8.494718309859154992e-01 8.230616302186878341e-01
1.240572171651495470e+00 9.875904860392967777e-01 9.904420549581839373e-01
1.799703264094955513e+00 1.767414403778040155e+00 1.617647058823529438e+00
6.530612244897958663e-01 5.445434298440979815e-01 5.139195757843570966e-01
1.453333333333333366e+00 1.024390243902439046e+00 1.067901234567901314e+00
nan nan nan
7.203791469194312791e-01 7.112403100775194220e-01 7.845036319612590514e-01
3.776595744680851130e+00 3.571743929359823433e+00 3.905555555555555447e+00
1.378947368421052699e+00 1.604938271604938294e+00 1.350543478260869623e+00
3.244626407369498589e-01 2.957198443579766578e-01 2.634631317315658805e-01
8.722168441432720520e-01 8.022759601706970223e-01 8.277087033747779765e-01
6.574870912220309727e-01 5.050632911392405333e-01 5.473372781065088954e-01
1.454198473282442672e+00 1.295238095238095299e+00 1.293258426966292118e+00
1.898058252427184511e+00 1.327526132404181158e+00 1.510714285714285676e+00
8.018769551616267144e-01 7.379310344827586521e-01 7.536860364267129464e-01
1.550427350427350470e+00 1.246376811594202882e+00 1.349397590361445687e+00
5.898123324396782607e-02 6.289308176100628922e-02 1.864801864801864800e-02
7.141695702671312596e+00 6.913843175217811776e+00 6.620495495495495319e+00
5.036638983878846787e+00 4.545387453874538686e+00 4.706744868035190876e+00
2.236619718309859284e+00 1.815618221258134435e+00 2.097560975609756184e+00
2.568750000000000089e+00 2.243464052287581723e+00 2.117307692307692335e+00
6.516666666666666607e+00 5.594000000000000306e+00 5.739130434782608425e+00
nan nan nan
4.232876712328766722e+00 3.253424657534246478e+00 3.772988505747126631e+00
3.193265682656826421e+00 3.090805902383654935e+00 2.860291060291060283e+00
2.833333333333333481e+00 2.696060037523452024e+00 2.422062350119904117e+00
4.637297297297297227e+00 4.034399028733306025e+00 4.364643545279383474e+00
3.632882882882882747e+00 3.088852988691437762e+00 3.516765285996055201e+00
4.038617886178862193e+00 3.565753424657534421e+00 3.892514395393474214e+00
2.408759124087591186e+00 2.209985315712188036e+00 2.442930153321976050e+00
1.883691529709228818e-01 1.409869083585095773e-01 1.244075829383886195e-01
4.828793774319065868e+00 4.187676387582314419e+00 4.463673951565268361e+00
4.050393700787402018e+00 3.570221752903906864e+00 3.336633663366336489e+00
1.981873111782477270e+00 1.831730769230769162e+00 1.973988439306358478e+00
2.479623824451410830e+00 2.129032258064516014e+00 2.399999999999999911e+00
3.469305331179321605e+00 3.110691823899371045e+00 3.197212543554007080e+00
2.913580246913580307e+00 2.687793427230046994e+00 2.739010989010989050e+00
4.487804878048780588e-01 3.346007604562737381e-01 3.537117903930130924e-01
3.099300699300699513e+00 2.709870388833499621e+00 2.791273584905660243e+00
2.162860576923077094e+00 1.932310469314079349e+00 2.055649241146711770e+00
2.466019417475727948e+00 2.014669926650366705e+00 2.017241379310344751e+00
3.039473684210526105e+00 2.567662565905096450e+00 2.651750972762645819e+00
2.101892285298398999e+00 1.870144284128745893e+00 1.892307692307692246e+00
nan nan nan
2.399999999999999911e+00 1.907590759075907583e+00 2.404332129963898890e+00
1.906055320209319781e+00 1.748345622991113624e+00 1.799599644128113907e+00
1.624113475177304977e+00 1.278947368421052611e+00 1.517937219730941756e+00
2.774524158125915019e+00 2.543465405085747921e+00 2.502432244614315682e+00
2.145454545454545503e+00 1.860534124629080077e+00 2.156934306569342930e+00
2.279534109816971910e+00 2.097986577181207846e+00 2.157142857142857029e+00
2.526011560693641744e+00 1.857718120805369022e+00 2.075503355704698016e+00
5.932864949258392223e-02 4.721030042918455266e-02 2.851182197496522977e-02
2.198772064466615550e+00 2.159286592865928611e+00 2.117562724014336872e+00
2.439086294416243472e+00 2.212424849699398788e+00 2.075471698113207530e+00
2.273760330578512345e+00 1.978723404255319229e+00 1.997204100652376413e+00
1.848072562358276549e+00 1.569911504424778670e+00 2.134663341645885115e+00
1.977025392986698993e+00 1.644434006575857143e+00 1.731159807589524258e+00
2.667377398720682358e+00 2.447214076246334358e+00 2.521588946459412561e+00
3.539823008849557473e-02 6.484641638225255300e-02 3.719008264462810021e-02
2.212435233160621628e+00 2.161922833649589037e+00 2.176082171680117305e+00
4.913595933926302450e+00 4.142402183803457483e+00 4.507838745800671454e+00
2.797872340425532123e+00 2.470692717584369369e+00 2.557692307692307487e+00
1.222857142857142865e+00 1.325791855203619862e+00 1.008583690987124415e+00
2.003891050583657574e+00 1.801724137931034475e+00 2.053497942386831365e+00
1.714946070878274220e+00 1.554117647058823604e+00 1.686813186813186816e+00
2.647058823529411686e+00 2.358288770053476036e+00 2.481132075471697895e+00
2.779165737229533750e+00 2.621894960965223564e+00 2.634009942004971183e+00
1.616621983914209082e+00 1.760869565217391353e+00 1.502427184466019527e+00
1.604353393085787394e+00 1.619183285849952414e+00 1.538213132400430672e+00
nan nan nan
1.778420038535645453e+00 1.755158184319119741e+00 1.772084805653710182e+00
7.203065134099616573e-01 8.831168831168830780e-01 6.872727272727272574e-01
4.965662968832541130e-02 4.151404151404151227e-02 3.525046382189239019e-02
2.212728857890148060e+00 2.071523178807947119e+00 2.064327485380117011e+00
2.243085880640465657e+00 1.953362255965292782e+00 1.818742293464858273e+00
2.179259259259259451e+00 1.748773307163886237e+00 1.725513905683192295e+00
2.711340206185567148e+00 2.330275229357797961e+00 2.463611859838275020e+00
1.437806072477962882e+00 1.275420336269015298e+00 1.279383429672447114e+00
3.590425531914893664e+00 2.685314685314685423e+00 2.886363636363636243e+00
6.191950464396284853e-02 3.890160183066361521e-02 3.244837758112094350e-02
1.879730866274180068e+00 1.618927444794952653e+00 1.689265536723163930e+00
2.491884580703336294e+00 2.192743009320905490e+00 2.390586292320396211e+00
2.873294346978557456e+00 2.238784370477568952e+00 2.253401360544217802e+00
5.283018867924528517e-02 4.347826086956521618e-02 3.225806451612903136e-02
2.107055961070559480e+00 2.047957371225577194e+00 2.255965292841648484e+00
2.268907563025210072e-01 2.589771490750816252e-01 2.455919395465994970e-01
1.197106690777576921e+00 1.102362204724409489e+00 1.282296650717703379e+00
2.349265854420493627e-01 2.044564152791381040e-01 2.138694638694638717e-01
4.562937062937063359e+00 4.422391857506361212e+00 4.441935483870968149e+00
2.243825205826472491e+00 2.139849624060150557e+00 2.003871681415929196e+00
2.886617100371747124e+00 2.588932806324110825e+00 2.761075949367088445e+00
2.356321839080459668e+00 2.063318777292576289e+00 2.000000000000000000e+00
6.455696202531645556e-01 6.059225512528473301e-01 6.835443037974683334e-01
3.150625809236080876e-02 3.579792572766811454e-02 1.777777777777777776e-02
9.889224572004028380e-01 9.182186234817814041e-01 1.057601510859301319e+00
1.073809523809523769e+00 8.258426966292135019e-01 9.777777777777777457e-01
9.792207792207792139e-01 8.742574257425742568e-01 8.387824126268320635e-01
1.078787878787878851e+00 7.310924369747898721e-01 6.585365853658536883e-01
nan nan nan
7.874015748031496509e-01 8.289473684210526550e-01 9.261213720316622267e-01
3.154574132492113381e-02 3.191489361702127409e-02 6.232294617563739064e-02
4.121348314606741781e+00 3.760070052539404628e+00 3.687309644670050623e+00
4.221231043710972131e+00 3.604402719326643023e+00 3.894273127753304031e+00
2.257281553398058360e+00 2.670212765957446610e+00 2.726744186046511587e+00
2.104166666666666519e+00 1.682577565632458194e+00 1.601823708206686847e+00
3.574688796680498104e+00 3.379254457050242966e+00 3.214669051878354278e+00
3.226917057902973340e+00 2.771626297577854725e+00 3.024423337856173788e+00
3.223913043478261020e+00 2.824193548387096797e+00 2.954110898661567841e+00
2.061912225705329060e+00 1.795119011750527349e+00 1.914103923647932026e+00
2.630769230769230749e+00 2.617449664429530198e+00 2.773638968481375144e+00
2.978915662650602592e+00 2.628440366972477182e+00 2.515768725361366531e+00
nan nan nan
3.335195530726256852e+00 2.873469387755101856e+00 2.909523809523809401e+00
1.738505747126436685e+00 1.911357340720221565e+00 1.654135338345864570e+00
4.957627118644068048e-02 4.316320100819155681e-02 3.525264394829612236e-02
2.941952506596305916e+00 2.787347155768208573e+00 2.795881284070260264e+00
2.660738714090287171e+00 2.083481349911190161e+00 2.270334928229665206e+00
1.733796296296296280e+00 1.670886075949367111e+00 1.531914893617021267e+00
1.868327402135231408e+00 1.916434540389972074e+00 2.144067796610169552e+00
2.893617021276595924e+00 2.323330106485963054e+00 2.339019189765458417e+00
2.548449612403100861e+00 2.331081081081081141e+00 2.296846011131725263e+00
5.899705014749262455e-02 5.459057071960297935e-02 3.206997084548104948e-02
3.560534591194968623e+00 3.402408111533586688e+00 3.424554183813443231e+00
2.841565105837075222e+00 2.482979773063640927e+00 2.686090225563909861e+00
3.891608391608391671e+00 3.273299748110831242e+00 3.247774480712166234e+00
3.660714285714285587e+00 2.482905982905982967e+00 3.301507537688442184e+00
2.635451505016722429e+00 2.742346938775510168e+00 2.750759878419452686e+00
4.265774378585086346e+00 3.457814661134163359e+00 3.869565217391304213e+00
4.019999999999999574e+00 4.032608695652173836e+00 3.759322033898305104e+00
2.583059418457648526e+00 2.362252346193951968e+00 2.314378178455848367e+00
3.243816254416961087e+00 3.492260061919504555e+00 3.507092198581560183e+00
3.613138686131387001e+00 3.335269271383315637e+00 3.589131875414181660e+00
3.146666666666666501e+00 2.880952380952380931e+00 3.080924855491329328e+00
3.188940092165898577e+00 3.024955436720142554e+00 3.191441441441441373e+00
2.904761904761904656e+00 2.723104056437389620e+00 2.470833333333333215e+00
8.838599487617421202e-02 8.347414667117269982e-02 1.092985318107667220e-01
3.807275047862157091e+00 3.351878269139324740e+00 3.452878247580234206e+00
nan nan nan
2.460655737704918078e+00 2.271844660194174637e+00 2.315181518151815165e+00
2.379411764705882337e+00 1.794816414686825068e+00 2.084210526315789291e+00
3.315405046480743856e+00 3.211186617877678895e+00 3.220711974110032294e+00
3.240437158469945178e+00 2.706976744186046613e+00 3.427777777777777590e+00
4.918032786885245811e-02 6.132075471698113234e-02 3.133903133903134103e-02
3.656480505795574043e-01 3.317757009345794206e-01 3.417391304347826009e-01
9.150326797385620325e-02 7.747685978745286195e-02 7.953568357695614544e-02
6.077348066298342288e-02 4.180064308681671892e-02 2.135678391959798875e-02
6.884057971014492794e-02 3.686635944700460826e-02 3.179190751445086505e-02
2.286995515695067205e-01 2.116316639741518679e-01 1.888667992047713684e-01
5.060728744939271134e-02 3.285714285714285560e-02 3.893805309734513220e-02
9.453125000000000000e-01 8.203592814371257758e-01 8.169014084507042472e-01
1.513589503280224902e-01 1.405204460966542612e-01 1.283929340801378827e-01
1.025806451612903292e+00 9.344262295081967595e-01 9.450549450549450281e-01
nan nan nan
1.724845995893223849e-01 1.147286821705426341e-01 7.917383820998279143e-02
1.664041994750656173e+00 1.444444444444444420e+00 1.666666666666666741e+00
2.399999999999999911e-01 2.812500000000000000e-01 2.770270270270270285e-01
2.928039702233250705e-02 3.389212827988338089e-02 2.689284236657012855e-02
1.516129032258064502e-01 1.307159353348729680e-01 1.487093153759820319e-01
2.154471544715447218e-01 1.701308698999230151e-01 1.773648648648648574e-01
1.082654249126891732e-01 1.121408711770157524e-01 1.053763440860215062e-01
3.879003558718860933e-01 3.367875647668393535e-01 3.674121405750798708e-01
2.620481927710843206e-01 2.054794520547945091e-01 2.532133676092545027e-01
8.256880733944954587e-02 6.333333333333333870e-02 7.236842105263158187e-02
3.535911602209944604e-01 3.490909090909091184e-01 4.095744680851063912e-01
8.009888751545117813e-01 6.826126954921802881e-01 6.670428893905191448e-01
4.278873239436619791e+00 3.917674150834772551e+00 4.087213114754097987e+00
1.119883040935672591e+00 8.920704845814978468e-01 9.360000000000000542e-01
1.393034825870646809e-01 1.324503311258278249e-01 7.017543859649122417e-02
5.580110497237569245e-01 4.032258064516128782e-01 4.199999999999999845e-01
4.824561403508771940e-01 5.351123595505618002e-01 4.432989690721649279e-01
1.605714285714285650e+00 1.702564102564102511e+00 1.600000000000000089e+00
4.636188023180939921e-01 4.422705314009661715e-01 4.230989136649513926e-01
6.597222222222222099e-01 5.671641791044775838e-01 5.562500000000000222e-01
5.067226890756302282e-01 4.422177688710755006e-01 4.558216350123864835e-01
nan nan nan
6.077348066298342566e-01 3.867187500000000000e-01 5.154639175257731409e-01
1.439393939393939503e-01 8.918918918918919414e-02 7.780979827089337664e-02
3.732590529247910988e-02 3.212348769294952333e-02 3.500611995104039448e-02
1.104792851340373749e+00 1.122365737593473911e+00 1.060562364816149961e+00
1.759023354564755781e+00 1.653448275862068995e+00 1.672675521821631817e+00
2.122093023255813837e-01 1.799307958477508740e-01 1.711711711711711714e-01
7.574750830564783710e-01 5.267857142857143016e-01 5.790884718498660044e-01
8.563106796116505270e-01 8.549222797927461537e-01 7.902155887230514208e-01
1.534999999999999920e+00 1.564210526315789496e+00 1.443438914027149300e+00
4.845814977973568471e-02 5.442176870748299117e-02 2.000000000000000042e-02
nan nan nan
3.377096587622903545e+00 3.281058101086443024e+00 3.357350377687390974e+00
2.499085923217550409e+00 2.252161383285302687e+00 2.559523809523809312e+00
2.438461538461538680e+00 2.307106598984771662e+00 2.500000000000000000e+00
2.502202643171806073e+00 2.358585858585858563e+00 2.413566739606126887e+00
4.145214521452145640e+00 2.941451990632318658e+00 2.961439588688945967e+00
3.528827037773359709e+00 3.445945945945946054e+00 3.653916211293260385e+00
1.998108925869894081e+00 1.697449428320140674e+00 1.839629120879120894e+00
4.880503144654087855e+00 4.431372549019608087e+00 4.883116883116882967e+00
2.913290113452188024e+00 2.525212835625409102e+00 2.746448863636363757e+00
3.110215053763440984e+00 2.622137404580152875e+00 2.988038277511961827e+00
3.080769230769230926e+00 2.538028169014084678e+00 2.585284280936454682e+00
2.686274509803921351e+00 1.899999999999999911e+00 2.330357142857142794e+00
3.547880690737833381e-02 2.727693018955154938e-02 3.821656050955413858e-02
2.938718662952646277e+00 2.537801608579088430e+00 2.546385156749840117e+00
3.147230320699708539e+00 2.612870275791624231e+00 3.079155672823219003e+00
1.948801742919390012e+00 1.779720279720279796e+00 1.767241379310344751e+00
2.509259259259259078e+00 2.266666666666666607e+00 2.064220183486238369e+00
2.917302798982188250e+00 2.342557251908397031e+00 2.435760171306209809e+00
2.997442455242966819e+00 2.823142050799623881e+00 2.924607329842932035e+00
6.532663316582915103e-02 3.030303030303030387e-02 2.739726027397260122e-02
2.067723342939481235e+00 1.977968176254589983e+00 1.908355795148247935e+00
1.864562787639710617e+00 1.673562058526740559e+00 1.733961153619776319e+00
1.600431965442764559e+00 1.517123287671232834e+00 1.528340080971659853e+00
1.799196787148594323e+00 2.532673267326732702e+00 1.954648526077097603e+00
2.725806451612903025e+00 2.108202443280977167e+00 2.381526104417670542e+00
3.769417475728155331e+00 3.272897196261682407e+00 3.640000000000000124e+00
nan nan nan
2.358178053830227938e+00 2.098016336056009123e+00 2.160488245931283746e+00
3.313333333333333464e+00 3.479885057471264531e+00 3.170491803278688625e+00
2.377906976744185830e+00 2.095283926852743228e+00 2.184389140271493002e+00
1.593047034764826231e+00 1.524324324324324298e+00 1.537428023032629598e+00
2.694006309148265110e+00 2.151785714285714413e+00 2.156441717791411250e+00
2.251928020565552746e+00 1.951104100946372322e+00 1.990291262135922334e+00
8.782104391052195091e-02 9.759271307742355128e-02 1.021180030257186067e-01
1.525139664804469275e+00 1.412271259418729885e+00 1.566063977746870561e+00
2.878021978021978011e+00 2.876617773943054512e+00 2.986006458557588950e+00
9.532163742690058506e-01 7.867647058823529216e-01 6.976744186046511809e-01
2.434027777777777679e+00 1.918660287081339622e+00 2.258760107816711660e+00
2.801966292134831615e+00 2.645905420991926160e+00 2.612352168199737257e+00
2.661176470588235254e+00 2.279026217228464546e+00 2.408207343412526846e+00
1.196388261851015766e-01 1.056603773584905703e-01 1.247484909456740426e-01
7.702371218315617885e-01 6.424010217113665933e-01 7.084318360914105828e-01
1.896392229417206199e+00 1.639747191011236005e+00 1.759859772129710676e+00
nan nan nan
2.177419354838709686e-01 1.614906832298136641e-01 1.956521739130434867e-01
4.594142259414225826e+00 3.981818181818181923e+00 4.640332640332640146e+00
6.175298804780876560e-02 5.488850771869639711e-02 5.360824742268040927e-02
5.718562874251497119e-01 4.798206278026905802e-01 5.254237288135593653e-01
1.565217391304347949e-01 1.179645335389360034e-01 1.199999999999999956e-01
3.893805309734513109e+00 3.415217391304347760e+00 3.745901639344262346e+00
2.909554140127388333e+00 2.425189393939394034e+00 2.660443407234538871e+00
1.658415841584158334e+00 1.498220640569394968e+00 2.071794871794871984e+00
1.202185792349726778e+00 1.300492610837438390e+00 1.239361702127659504e+00
1.315789473684210453e-01 9.347442680776013590e-02 1.167400881057268774e-01
4.006046863189720308e-02 4.609331084879145918e-02 4.466019417475727837e-02
4.214046822742474885e-01 3.500627352572145412e-01 3.379583746283448820e-01
2.954578754578754740e+00 2.580448065173115868e+00 2.869929169349645814e+00
1.726804123711340178e-01 1.465677179962894261e-01 1.270983213429256464e-01
2.902829028290282998e-01 2.699443413729127883e-01 2.755102040816326259e-01
5.044692737430167995e+00 4.507507507507507505e+00 4.522573363431151350e+00
8.056265984654731316e-01 7.409523809523809179e-01 7.378435517970401980e-01
1.714285714285714371e-02 6.417112299465241310e-02 2.732240437158469856e-02
5.045637583892617073e+00 4.708636836628511624e+00 4.648063781321184251e+00
4.469387755102040671e+00 3.897608828939301162e+00 4.031088082901554515e+00
3.165202108963093064e+00 3.027868852459016491e+00 2.842639593908629525e+00
3.070175438596491446e+00 3.034843205574913050e+00 2.896969696969696972e+00
3.098734177215189955e+00 2.539748953974895418e+00 2.923857868020304451e+00
4.642156862745098422e+00 3.617539585870888974e+00 4.266570605187319565e+00
3.229729729729729826e+00 3.703264094955489583e+00 3.496666666666666590e+00
2.861183261183261273e+00 2.697452934662237123e+00 2.788161993769470381e+00
2.637681159420290022e+00 2.250000000000000000e+00 2.995983935742971838e+00
3.970940170940171043e+00 3.088845654993515044e+00 3.444807849550286072e+00
4.667487684729064057e+00 4.483362521891418595e+00 4.712530712530712762e+00
3.532038834951456430e+00 3.377025036818851245e+00 3.348672566371681203e+00
2.609813084112149628e+00 2.608108108108107892e+00 2.881278538812785506e+00
1.066997518610421775e-01 6.666666666666666574e-02 8.172043010752688685e-02
nan nan nan
3.323645970937912697e+00 3.365023474178403973e+00 3.139590854392298347e+00
2.476608187134502703e+00 2.023755656108597201e+00 2.316341829085457160e+00
2.969151670951156952e+00 2.842519685039369914e+00 3.160891089108910812e+00
2.939609236234458134e+00 2.620098039215686292e+00 2.611111111111111160e+00
3.018766756032171372e+00 3.238095238095238138e+00 2.973105134474327560e+00
5.679999999999999494e-01 4.936548223350253894e-01 5.753424657534246256e-01
3.550669216061185463e+00 3.132778049975502022e+00 3.114194236926360659e+00
2.760621761658031303e+00 2.540451745379876947e+00 2.596172718351324793e+00
2.264919941775836776e+00 2.059588299024918800e+00 2.075422626788036240e+00
2.253289473684210620e+00 2.022624434389140191e+00 2.192105263157894779e+00
2.919191919191919116e+00 2.426573426573426673e+00 2.348284960422163614e+00
nan nan nan
3.562500000000000000e+00 2.842582106455266100e+00 3.197268588770864728e+00
1.884787018255578150e+00 1.715462610899873175e+00 1.711136023916292936e+00
2.467741935483870996e+00 2.067448680351906098e+00 2.527559055118110187e+00
2.760447321954090594e+00 2.563492063492063711e+00 2.601554404145077548e+00
2.981176470588235095e+00 2.662565905096661023e+00 2.482820976491862730e+00
2.899047619047618873e+00 2.724444444444444446e+00 2.807355516637477955e+00
1.765486725663716783e+00 1.358552631578947345e+00 1.665271966527196668e+00
4.159733777038269326e-02 3.549899531145345177e-02 3.198127925117004444e-02
2.243589743589743613e+00 2.113364534581383403e+00 2.221459762944478999e+00
2.436431226765799263e+00 2.063995548135781899e+00 2.062706270627062910e+00
1.302139037433155178e+00 1.140350877192982448e+00 1.114563106796116587e+00
1.886029411764705843e+00 1.630813953488372103e+00 1.544159544159544151e+00
3.278394534585824083e+00 3.144005847953216470e+00 2.978102189781021814e+00
2.471582181259600830e+00 2.392290249433106641e+00 2.133022170361726921e+00
1.129568106312292403e-01 1.215596330275229425e-01 8.787878787878787568e-02
2.840909090909091161e-01 3.188908145580588993e-01 2.933467741935483764e-01
7.997823721436343736e-02 9.473237043330501317e-02 6.977911646586344718e-02
2.233250620347394452e-02 2.979515828677839831e-02 2.985074626865671585e-02
2.790697674418604612e-02 2.173913043478260809e-02 5.769230769230769551e-02
7.127429805615551062e-02 5.698005698005698116e-02 5.094339622641509691e-02
4.433497536945812945e-02 4.013377926421404784e-02 3.524229074889868168e-02
1.470588235294117696e-01 7.489597780859916232e-02 1.150278293135436058e-01
4.026258205689278030e-02 3.718728870858688251e-02 3.175895765472312726e-02
1.276595744680850963e-01 1.191135734072022168e-01 1.461794019933554956e-01
nan nan nan
6.127770534550195519e-02 5.788423153692615064e-02 4.234972677595628260e-02
1.300000000000000044e+00 1.184824902723735418e+00 1.353881278538812793e+00
6.488549618320610390e-01 5.991620111731843501e-01 5.342960288808664693e-01
5.178147268408551246e-02 3.589920607525026036e-02 4.803675856307434988e-02
7.768268597761684990e-02 6.311360448807853962e-02 6.273258904837852867e-02
3.392568659127625369e-02 3.372243839169909024e-02 4.141104294478527292e-02
6.957928802588997375e-02 6.148055207026349028e-02 8.100147275405007730e-02
1.025641025641025550e+00 9.083333333333333259e-01 9.283667621776504619e-01
5.281690140845070325e-02 3.694581280788177685e-02 6.507936507936508408e-02
1.084745762711864375e-01 8.547008547008547175e-02 8.503401360544217413e-02
5.054151624548736121e-02 2.043422733077905618e-02 3.211009174311926784e-02
nan nan nan
5.117690599555884567e+00 4.741776315789473450e+00 4.629999999999999893e+00
2.266114180478821183e+00 2.273617914625612357e+00 2.151729559748427612e+00
7.952755905511811330e-01 7.452830188679244738e-01 5.945945945945946276e-01
1.927884615384615419e+00 1.911764705882353033e+00 1.817490494296577941e+00
3.121518987341772355e+00 2.849087893864013399e+00 2.861826697892271731e+00
3.360902255639097724e+00 3.048452220726783235e+00 2.936348408710217850e+00
1.443845462713387207e+00 1.316923076923076863e+00 1.273406766325727801e+00
2.197278911564625847e+00 2.009472259810554995e+00 1.998379254457050225e+00
3.144482929242949254e+00 2.823472168158816853e+00 2.869624885635864597e+00
4.279752704791344620e+00 3.847715736040609347e+00 3.755074424898511509e+00
2.889087656529516934e+00 2.324840764331210341e+00 2.629629629629629761e+00
1.674958540630182346e+00 1.477611940298507509e+00 1.765140324963072382e+00
4.323458767013611120e-02 5.090006207324643261e-02 5.425824175824175977e-02
2.727923627684964103e+00 2.348953974895397590e+00 2.498381877022653796e+00
2.571428571428571619e+00 2.385299347954949578e+00 2.454145267791635998e+00
1.874418604651162834e+00 1.780691299165673369e+00 1.992764109985528220e+00
2.387878787878787712e+00 1.971145919208573849e+00 2.050930460333006966e+00
2.281755196304849687e+00 1.955184534270650198e+00 2.118161925601750539e+00
2.814306358381502893e+00 2.581976112920738142e+00 2.787920384351406877e+00
4.172274562584118301e-02 2.807017543859649175e-02 4.000000000000000083e-02
4.074446680080482608e+00 3.818791946308724761e+00 3.741412213740458181e+00
4.418072289156626198e+00 3.763008307826847254e+00 3.915748898678414136e+00
3.762467191601049699e+00 3.576680672268907735e+00 3.112472160356347217e+00
3.597402597402597380e+00 3.096385542168674565e+00 3.485232067510548593e+00
3.219047619047619158e+00 2.890140845070422682e+00 2.794567062818336112e+00
4.319819819819819884e+00 4.168096054888507318e+00 4.138592750533049092e+00
3.059829059829059617e+00 2.983695652173913082e+00 2.758389261744966348e+00
2.894189071986123185e+00 2.408745247148289081e+00 2.759112519809825859e+00
3.228346456692913424e+00 3.092024539877300526e+00 3.248138957816377292e+00
3.252663622526636100e+00 3.047099368179207346e+00 3.103516921035169407e+00
3.777385159010600901e+00 3.384401114206128103e+00 3.541806020066889715e+00
3.068681318681318881e+00 2.926881720430107414e+00 3.273195876288659711e+00
3.278026905829596327e+00 2.633474576271186418e+00 2.712401055408971029e+00
7.791095890410959512e-02 7.066666666666666929e-02 7.109737248840804213e-02
nan nan nan
3.090909090909090828e+00 2.789747399702823039e+00 2.752616555661274944e+00
2.670503597122302342e+00 2.434982738780206990e+00 2.420833333333333393e+00
3.212662337662337553e+00 3.044887780548628520e+00 2.946454413892908963e+00
4.509840674789128201e+00 3.935205183585313016e+00 3.973380656610470130e+00
3.666666666666666519e+00 3.281720430107526898e+00 3.234394904458598674e+00
5.227272727272726932e-02 4.291044776119402882e-02 5.321507760532150771e-02
2.099921935987509869e+00 2.097590361445782925e+00 2.098622189992748410e+00
4.432104997476022490e+00 3.594119756185012449e+00 3.869121561668145581e+00
1.764423076923076872e+00 1.538961038961038863e+00 1.726907630522088288e+00
9.473684210526315264e-01 7.222222222222222099e-01 9.268292682926829729e-01
2.369863013698630283e+00 8.120300751879698797e-01 1.619047619047619069e+00
2.345978755690440121e+00 2.088235294117647189e+00 2.306603773584905870e+00
3.890350877192982448e+00 3.310975609756097615e+00 3.392009987515605562e+00
2.620874904067536648e-01 2.229859774539455497e-01 2.067819148936170248e-01
3.148051948051948212e+00 2.936082474226803907e+00 3.246498599439775923e+00
3.152173913043478048e+00 2.742057709122704967e+00 2.816783684386492848e+00
3.693280106453759259e+00 3.103235014272121894e+00 3.235400361228175647e+00
3.526138279932546471e+00 3.293948126801152565e+00 2.881481481481481310e+00
3.305555555555555358e+00 2.713004484304932795e+00 2.971428571428571530e+00
6.115469093191089334e-01 5.460460460460460075e-01 5.830028328611898125e-01
1.636663914120561447e+00 1.568750000000000089e+00 1.589112602535421415e+00
nan nan nan
2.659955257270693707e+00 2.455008488964346203e+00 2.641325536062378188e+00
4.071428571428571175e+00 2.277777777777777679e+00 2.954545454545454586e+00
3.068050749711649150e+00 2.871402877697841749e+00 2.993920972644376732e+00
3.951219512195121908e+00 2.763636363636363669e+00 2.828571428571428736e+00
4.691689008042895098e-02 2.927927927927927859e-02 4.269081500646830507e-02
nan nan nan
5.169416941694169765e+00 4.817521561507035699e+00 4.753653444676409379e+00
4.316546762589928282e-02 6.549118387909319550e-02 5.839416058394160391e-02
4.739130434782608536e-01 4.872727272727272463e-01 4.705882352941176405e-01
2.583333333333333481e+00 1.887029288702928964e+00 2.316939890710382421e+00
4.228187919463087252e-01 4.031620553359683834e-01 3.603896103896103709e-01
3.505154639175257492e-01 2.676923076923076739e-01 2.580645161290322509e-01
2.333836858006042292e-01 2.192543127434613270e-01 2.049122807017543790e-01
1.397388059701492491e+00 1.370199692780337930e+00 1.465579710144927494e+00
3.019040902679830829e+00 2.583975346687211072e+00 2.683953630262355006e+00
1.863492063492063533e+00 1.512359550561797716e+00 1.741025641025641058e+00
1.817258883248730861e+00 1.426056338028169002e+00 1.217194570135746501e+00
5.588235294117647189e-01 5.243902439024390461e-01 5.139860139860139565e-01
3.099114538703227548e-02 3.336583252085364298e-02 2.971311475409835895e-02
6.285983954695610887e-01 6.369499241274658718e-01 6.094570928196146875e-01
7.142857142857143016e-01 6.051437216338880765e-01 6.352313167259786564e-01
4.553846153846153877e-01 3.920187793427230005e-01 4.887640449438201973e-01
1.759162303664921545e+00 1.732251521298174390e+00 1.692857142857142838e+00
3.038314176245210607e+00 2.636029411764706065e+00 2.679874869655891612e+00
5.116550116550117044e-01 5.000000000000000000e-01 4.128078817733989991e-01
3.118040089086859812e-02 5.123674911660777709e-02 2.380952380952380820e-02
4.793014230271668730e+00 4.110787172011661994e+00 4.483091787439613896e+00
4.378893833439287953e+00 4.092385786802030800e+00 4.030057803468207744e+00
nan nan nan
2.841758241758241876e+00 2.274999999999999911e+00 2.369351669941060834e+00
2.983490566037735992e+00 2.637168141592920456e+00 2.918859649122806932e+00
4.188679245283019270e+00 3.690456431535269921e+00 4.069133398247322120e+00
4.197879858657243446e+00 3.765840220385674897e+00 3.826989619377162644e+00
3.121818798778418724e+00 2.725359342915810945e+00 2.910395408163265252e+00
3.175324675324675106e+00 2.895189003436426045e+00 2.938775510204081787e+00
3.210699588477366362e+00 3.012574850299401419e+00 2.956834532374100544e+00
4.331015299026425680e+00 3.996692392502756430e+00 4.195355191256830985e+00
3.921092564491654109e+00 3.754189944134078250e+00 3.833572453371592470e+00
2.622422680412371143e+00 2.373046875000000000e+00 2.546910755148741323e+00
1.386138613861386260e-01 1.268587360594795599e-01 1.297998918334234697e-01
3.837600585223116312e+00 3.574942791762013794e+00 3.636660143509458543e+00
3.650236966824644380e+00 3.036262203626220568e+00 3.078064012490242085e+00
2.508571428571428452e+00 2.067656765676567865e+00 2.248725790010193570e+00
2.649484536082474140e+00 2.526916802610114310e+00 2.644320297951582965e+00
3.209382151029748442e+00 2.526881720430107503e+00 2.603960396039604053e+00
3.426409903713892646e+00 3.033428844317096473e+00 3.376344086021505486e+00
4.761904761904761640e-02 5.275779376498800771e-02 2.811244979919678630e-02
3.197991391678622453e+00 2.849017580144777462e+00 2.983290488431876497e+00
3.545376712328767166e+00 3.247213114754098573e+00 3.306425041186161540e+00
2.844783715012722425e+00 2.411764705882352811e+00 2.379828326180257303e+00
2.822857142857142954e+00 2.581443298969072320e+00 2.770833333333333481e+00
2.442084942084941979e+00 2.386706948640483272e+00 2.372983870967741993e+00
2.940149625935162270e+00 2.386243386243386055e+00 2.485416666666666607e+00
3.893536121673003780e+00 2.786720321931589694e+00 2.900763358778625900e+00
2.051216389244558069e+00 1.697834645669291431e+00 1.846803377563329240e+00
3.188144329896907436e+00 2.800373134328358216e+00 2.682017543859648967e+00
3.340647857889237127e+00 3.101658868566567584e+00 3.326350093109869732e+00
3.521235521235521304e+00 3.147426981919332345e+00 3.498076923076923084e+00
nan nan nan
2.799999999999999822e+00 2.610491071428571619e+00 2.506586826347305230e+00
5.647341544007209585e-02 4.704063604240282803e-02 4.590984974958263465e-02
2.960888888888888903e+00 2.516584766584766708e+00 2.359882005899704982e+00
3.753535353535353725e+00 3.202854230377166100e+00 3.391628440366972530e+00
2.552407932011331315e+00 1.890625000000000000e+00 2.116389548693586864e+00
2.759868421052631415e+00 2.273657289002557480e+00 2.574675324675324894e+00
3.305709023941068025e+00 2.903047091412742198e+00 2.820872274143302327e+00
3.147100424328147295e+00 2.965290245362058652e+00 2.889527458492975764e+00
6.722689075630251809e-02 5.787781350482314874e-02 2.419354838709677352e-02
7.424242424242424865e-02 4.820766378244746575e-02 3.612716763005780624e-02
3.273657289002557258e-02 3.377329192546583980e-02 2.949183303085299579e-02
5.476190476190476164e-02 2.687140115163147783e-02 3.225806451612903136e-02
3.906250000000000000e-02 5.660377358490566169e-02 1.470588235294117627e-02
4.100946372239747811e-02 5.393258426966292263e-02 5.927835051546391509e-02
2.088167053364269055e-02 3.368794326241134757e-02 2.754237288135593167e-02
3.184713375796178331e-02 4.680851063829787051e-02 3.790087463556851555e-02
3.763440860215053890e-02 2.481935281181275529e-02 2.405247813411078711e-02
2.072210065645514021e+00 2.040472175379426822e+00 1.813405797101449224e+00
nan nan nan
2.013422818791946178e-02 2.588996763754045430e-02 3.632887189292543367e-02
5.437499999999999556e-01 5.794223826714801628e-01 5.901639344262294973e-01
6.212121212121212155e-01 6.624999999999999778e-01 9.090909090909090606e-01
4.362558238034731223e-02 4.121687929342492812e-02 2.845220030349013621e-02
3.634894991922455604e-02 3.945666235446312897e-02 3.540462427745665053e-02
2.537593984962405874e-02 3.206106870229007838e-02 2.915951972555746313e-02
9.606986899563318971e-02 5.882352941176470507e-02 6.078431372549019523e-02
7.258883248730964022e-01 4.295081967213114638e-01 4.731182795698924970e-01
5.185995623632385643e-01 4.438549955791334933e-01 5.347432024169184173e-01
1.629542790152403164e-01 1.371428571428571497e-01 1.578947368421052544e-01
5.909090909090908977e-02 5.574912891986062713e-02 3.947368421052631360e-02
1.188902007083825207e+00 1.107376283846872145e+00 1.150772509323388482e+00
nan nan nan
6.206896551724138122e-01 6.152324431256182002e-01 5.028636884306987298e-01
3.321033210332103441e-02 5.301204819277108293e-02 5.536332179930796016e-02
3.994638069705093719e-01 2.672566371681415753e-01 3.316953316953317188e-01
2.636363636363636131e-01 2.468085106382978677e-01 2.288401253918495304e-01
1.081720430107526942e+00 1.012704174228675091e+00 1.028776978417266230e+00
4.600441501103752495e-01 3.679114799446749906e-01 3.781948881789137240e-01
2.677304964539007348e-01 2.271386430678466184e-01 2.170940170940170999e-01
2.885398487492728536e-01 2.955106068080907700e-01 2.477548864236661375e-01
2.819571865443425196e+00 2.632236095346197402e+00 2.380368098159509227e+00
6.544401544401544646e-01 5.810439560439560891e-01 6.506849315068493622e-01
2.915254237288135708e-01 2.637075718015665649e-01 2.724719101123595499e-01
3.442513368983957101e-02 3.001827199164708998e-02 2.446675031367628525e-02
8.453002610966057206e-01 7.990314769975787046e-01 7.293992557150451583e-01
6.041512231282430978e-01 5.079834417504435207e-01 5.648081100651701769e-01
3.064516129032258118e-01 2.720105124835742183e-01 2.546296296296296502e-01
6.379310344827586743e-01 5.303030303030302761e-01 5.766871165644171793e-01
3.919156414762741680e-01 3.270365997638725042e-01 3.184000000000000163e-01
9.982222222222222330e-01 8.644067796610169774e-01 8.334693877551020424e-01
2.044025157232704296e-02 2.651515151515151589e-02 2.868318122555410521e-02
2.700000000000000178e+00 2.347450302506482345e+00 2.486301369863013644e+00
1.971114167812929807e+00 1.890532544378698221e+00 1.933171324422843229e+00
2.754385964912280826e+00 2.834710743801652999e+00 2.895470383275261295e+00
2.606557377049180335e+00 2.808988764044944020e+00 2.787401574803149540e+00
1.800000000000000044e+00 1.912921348314606806e+00 1.878504672897196359e+00
nan nan nan
3.219696969696969724e+00 2.290640394088669929e+00 2.589552238805969964e+00
3.091254752851710919e+00 2.800540540540540579e+00 2.804729729729729559e+00
2.808729139922978124e+00 2.387126019945602806e+00 2.427173913043478404e+00
2.778866340097970511e+00 2.393387637757546926e+00 2.482142857142857206e+00
2.990131578947368585e+00 3.131233595800524849e+00 2.900293255131964898e+00
3.301724137931034697e+00 2.614379084967320299e+00 2.143749999999999822e+00
2.550218340611353884e+00 2.129353233830845848e+00 2.251439539347408925e+00
5.662374316457929185e-02 4.628255296181352230e-02 4.523399593050555362e-02
2.554313099041533697e+00 2.402574345317354698e+00 2.439102564102564319e+00
2.785502079619726512e+00 2.516113744075829217e+00 2.450725362681340780e+00
2.050108932461873756e+00 2.058614564831261262e+00 1.900862068965517349e+00
2.300613496932515378e+00 2.119718309859154992e+00 2.377521613832853209e+00
2.113808801213960642e+00 1.854289071680375933e+00 2.151477832512315391e+00
3.445417789757412308e+00 3.166754896770778149e+00 3.134212103055721954e+00
5.462184873949579855e-02 5.000000000000000278e-02 4.220779220779220797e-02
3.430769230769230571e+00 2.870731707317073056e+00 3.019893899204244114e+00
2.528850739151168536e+00 2.232305536089698617e+00 2.384948096885813218e+00
1.817226890756302504e+00 1.838589981447124266e+00 1.675196850393700698e+00
1.793002915451894941e+00 1.711453744493392159e+00 1.787804878048780521e+00
3.048275862068965392e+00 2.756302521008403339e+00 2.618181818181818166e+00
3.115702479338843034e+00 2.638668779714738566e+00 3.468330134357005878e+00
nan nan nan
4.944797591167614526e-01 5.174418604651163101e-01 4.711228378774552916e-01
3.352083333333333304e+00 3.319470699432892413e+00 2.859232175502742113e+00
2.313765182186234615e+00 2.059280169371912272e+00 2.154605263157894690e+00
3.247041420118343069e+00 3.053972104305639590e+00 2.903598971722364919e+00
2.201923076923077094e+00 2.081433224755700362e+00 2.073359073359073435e+00
1.231678486997635824e+00 1.267578125000000000e+00 1.158227848101265778e+00
3.696186961869618592e-01 3.242983928999760290e-01 3.511667615253272756e-01
1.881511746680285979e+00 1.845150774246128833e+00 1.911591355599214115e+00
2.727126805778491203e+00 2.436848203939744995e+00 2.638205499276411015e+00
8.314350797266514270e-01 6.918138041733546961e-01 7.001972386587771435e-01
2.055944055944055826e+00 2.259365994236311348e+00 2.160130718954248241e+00
3.061893203883494952e+00 2.467770034843205451e+00 2.848684210526315930e+00
2.876811594202898448e+00 2.650080256821830016e+00 2.771629778672032085e+00
1.233183856502242104e-01 1.197822141560798553e-01 1.425992779783393505e-01
9.586466165413533302e-02 7.361963190184049599e-02 8.928571428571428770e-02
3.114754098360655865e-02 3.692493946731234544e-02 2.755026061057334191e-02
4.305084745762711718e-01 3.162193698949825049e-01 3.110795454545454697e-01
2.687140115163147783e-02 4.516129032258064252e-02 6.013363028953229439e-02
1.467966573816156028e+00 1.290513833992094961e+00 1.356410256410256476e+00
3.637873754152823880e-01 4.371584699453551770e-01 3.734265734265734271e-01
3.669724770642202039e-02 4.132231404958677801e-02 2.540415704387990678e-02
6.963958460598655698e-02 5.979202772963605056e-02 6.769230769230769051e-02
3.243986254295532667e+00 2.715736040609137092e+00 3.050520059435363862e+00
9.381270903010033857e-01 1.016983695652173836e+00 8.466522678185744999e-01
4.415584415584415667e-02 2.816901408450704289e-02 3.352601156069363875e-02
2.806499261447562565e-01 2.392290249433106641e-01 1.880794701986754913e-01
4.098360655737704611e-02 3.485838779956427352e-02 4.878048780487805047e-02
3.836116910229644961e-02 2.724520686175580311e-02 3.048487758041286758e-02
3.230209281164694857e-02 3.902993558165972210e-02 3.185535944898837402e-02
3.551988834612700430e-01 3.117808219178082041e-01 3.195515066573230700e-01
6.193548387096774188e-02 4.685942173479561157e-02 3.062426383981154202e-02
2.173913043478260809e-02 4.347826086956521618e-02 4.240282685512367783e-02
nan nan nan
4.955947136563876310e-02 6.517857142857143293e-02 4.472843450479233041e-02
2.918287937743190702e-02 2.936378466557912001e-02 3.118908382066276630e-02
nan nan nan
3.356065178032589191e+00 2.899204244031830413e+00 2.971765913757700162e+00
2.579439252336448440e+00 2.704000000000000181e+00 2.728643216080401945e+00
3.477011494252873369e+00 2.410852713178294415e+00 2.497607655502392277e+00
2.526748971193415461e+00 1.865168539325842589e+00 2.093525179856114971e+00
3.722699386503067309e+00 3.153778558875219851e+00 3.394230769230769162e+00
3.141129032258064502e+00 2.421207658321060219e+00 2.687739463601532375e+00
2.363948497854077235e+00 2.070422535211267512e+00 2.104803493449781460e+00
2.110320284697508875e+00 1.613180515759312428e+00 1.931372549019607865e+00
2.329441201000833850e+00 1.925245098039215730e+00 1.997841726618704961e+00
2.665943600867679120e+00 2.244299674267101086e+00 2.306273062730627377e+00
2.821752265861027009e+00 2.494305239179954281e+00 2.683582089552238870e+00
2.743944636678200766e+00 1.937007874015747921e+00 2.266881028938906972e+00
4.618417347226133618e-02 3.346456692913386127e-02 3.018962075848303367e-02
2.215407629020194502e+00 2.102286401925391068e+00 2.235334713595583001e+00
2.452003023431594819e+00 2.306316377864729095e+00 2.129506008010681128e+00
2.962145110410094428e+00 2.417030567685589659e+00 2.606145251396648099e+00
2.694444444444444642e+00 2.799999999999999822e+00 2.273972602739726234e+00
1.689272503082614119e+00 1.600000000000000089e+00 1.725055432372505582e+00
2.625482625482625565e+00 2.028571428571428470e+00 2.165016501650165015e+00
6.410256410256409687e-02 5.927835051546391509e-02 4.400977995110024604e-02
3.600000000000000089e+00 3.271721958925750240e+00 3.561072492552134872e+00
3.130742049469964705e+00 2.833729216152018893e+00 3.117263843648208521e+00
3.273127753303964660e+00 2.341614906832298004e+00 3.369918699186992050e+00
1.949367088607594889e+00 1.780487804878048808e+00 2.174999999999999822e+00
3.234285714285714430e+00 2.427586206896551690e+00 2.502415458937198078e+00
3.544863459037711273e+00 3.060320452403392899e+00 3.324550898203592730e+00
nan nan nan
2.604017216642754651e+00 2.228237791932059508e+00 2.619919606967396231e+00
3.781021897810219023e+00 3.472727272727272663e+00 3.254237288135593431e+00
3.634817813765182315e+00 3.409035409035408914e+00 3.273148148148148362e+00
3.416443252904378891e+00 3.163912756113681279e+00 3.331045003813882577e+00
3.067010309278350721e+00 2.835564053537285023e+00 2.993464052287581723e+00
2.902821316614419889e+00 2.736725663716814250e+00 2.748148148148148007e+00
4.323785803237857883e-01 3.916570104287369625e-01 3.728739642389882203e-01
3.043435340572556935e+00 2.678645473393227228e+00 2.762267343485617754e+00
3.099722991689750629e+00 2.643147208121827241e+00 2.779805352798053519e+00
2.374686716791980068e+00 2.144859813084112332e+00 2.261363636363636243e+00
2.552083333333333481e+00 2.087301587301587436e+00 1.675000000000000044e+00
3.115819209039548010e+00 2.821739130434782528e+00 3.111405835543766596e+00
2.832980972515856344e+00 2.476422764227642404e+00 3.029279279279279091e+00
1.835937500000000000e-01 1.319648093841642167e-01 1.318493150684931503e-01
4.469214437367303727e-01 3.537082314588427256e-01 3.883129123468426203e-01
6.963042313872522260e-02 7.249466950959487788e-02 7.425265188042430575e-02
3.624161073825503399e-02 4.648526077097505510e-02 4.211793020457280101e-02
3.926096997690531332e-02 4.844961240310077799e-02 3.512880562060889666e-02
2.183098591549295642e-01 1.931216931216931110e-01 2.653061224489796088e-01
7.073170731707316417e-02 6.532663316582915103e-02 3.157894736842105365e-02
1.272727272727272596e-01 9.127789046653143890e-02 1.024390243902438963e-01
4.043645699614890898e-02 4.591368227731863760e-02 3.754266211604095904e-02
9.086479902557855759e-01 9.075875486381322910e-01 8.365276211950394281e-01
nan nan nan
8.160000000000000586e-02 6.439393939393939226e-02 6.625577812018490498e-02
3.094972067039106101e+00 2.586481113320079572e+00 2.791866028708133829e+00
3.455098934550989154e-01 2.830957230142566172e-01 2.795698924731182533e-01
3.270564915758176344e-02 3.949730700179533011e-02 3.266840127204394262e-02
3.870967741935484041e-02 4.696969696969696684e-02 3.891891891891891692e-02
6.062767475035663045e-02 4.138357010500309102e-02 4.411764705882353227e-02
1.604166666666666796e-01 1.130298273155416061e-01 1.259398496240601573e-01
6.797853309481216577e-01 5.395590142671854439e-01 5.355113636363636465e-01
1.540785498489425920e-01 1.454545454545454475e-01 1.364436619718309984e-01
6.196840826245443579e-02 9.250243427458616774e-02 6.093579978237214506e-02
4.545454545454545581e-02 5.069930069930069644e-02 4.444444444444444614e-02
