1328 1676 1388
1273 1781 1425
731 1003 850
442 597 495
422 544 435
649 817 716
240 301 239
3721 5110 4061
-1 -1 -1
713 983 783
615 867 772
432 548 497
701 925 807
1688 2139 1956
1333 1990 1521
1632 2146 1795
510 708 555
585 805 589
799 1226 1009
299 450 312
167 231 214
-1 -1 -1
1636 2070 1723
266 414 314
256 320 294
380 507 476
661 791 633
22 16 16
3592 4716 4117
130 228 153
591 736 599
304 394 280
257 334 256
90 132 109
1811 2483 2091
904 1088 1001
1418 1939 1609
699 887 762
135 161 158
1164 1430 1233
558 653 505
96 109 95
1173 1453 1240
-1 -1 -1
389 507 435
196 254 237
273 374 267
542 682 581
220 264 223
4839 6293 5131
142 135 142
941 1222 1128
556 690 657
300 344 289
166 252 200
2087 2834 2294
635 827 769
718 1019 922
1073 1398 1219
148 202 173
757 1186 893
295 362 337
167 221 178
1073 1292 1125
1810 2417 1878
388 484 426
109 169 125
892 1135 1005
768 966 836
673 846 747
2008 2693 2262
149 204 161
-1 -1 -1
421 515 412
375 452 359
379 404 367
976 1284 1206
1032 1405 1125
580 789 675
785 1049 889
205 286 279
958 1304 1152
584 896 663
372 476 428
860 1032 887
2046 2709 2386
354 460 368
479 611 519
359 499 436
-1 -1 -1
291 437 347
2167 2642 2404
401 532 416
1849 2470 2075
443 618 506
491 729 520
547 680 586
790 992 843
1541 2125 1692
634 946 807
661 831 691
318 433 359
1237 1589 1434
323 425 363
409 525 457
714 1002 847
1663 2215 1778
308 408 347
379 568 513
686 900 779
-1 -1 -1
209 302 276
4012 5288 4495
422 569 445
1365 1690 1438
219 336 273
600 744 629
518 744 595
1280 1630 1437
1302 1625 1394
393 498 476
967 1221 1072
440 564 400
1653 2128 1870
468 681 578
225 292 241
1350 1580 1362
1573 2197 1785
375 562 467
174 220 232
256 347 242
648 849 727
322 373 317
4482 5635 4827
372 459 411
780 1052 928
-1 -1 -1
518 726 565
260 307 274
1892 2456 2155
1146 1509 1196
686 921 810
674 1018 826
290 435 370
1020 1248 1037
187 285 219
322 436 338
1188 1584 1415
2217 3003 2421
512 690 587
264 321 309
410 562 460
713 918 793
552 761 626
3200 4083 3431
285 392 309
1578 1994 1807
537 758 631
347 457 436
315 438 315
2316 2988 2474
992 1234 1058
419 533 449
769 1009 886
164 237 204
-1 -1 -1
380 455 378
316 469 352
889 1141 984
2241 3088 2496
205 187 171
287 418 328
481 616 558
638 866 736
919 1239 1045
2551 3318 2828
324 446 348
1327 1743 1521
-1 -1 -1
178 244 209
347 360 398
2359 3173 2552
1515 1880 1650
730 1125 835
431 552 422
280 358 235
751 1032 937
515 591 538
338 402 342
1271 1577 1457
1558 2026 1595
571 793 673
167 233 198
298 391 328
522 722 574
299 367 294
3954 4794 4325
282 322 281
1506 1893 1508
749 965 864
433 560 443
398 566 479
2341 2958 2451
1566 2102 1962
-1 -1 -1
1219 1441 1211
339 462 379
1505 1912 1544
182 214 179
304 423 350
948 1283 1149
2141 2916 2325
723 932 795
275 433 345
445 618 502
493 699 564
127 166 141
2133 2689 2320
309 426 272
-1 -1 -1
486 644 580
380 512 443
249 319 295
2014 2743 2416
1549 2164 1781
983 1298 1183
858 1078 929
280 385 312
663 948 777
435 599 455
180 274 187
808 1086 885
1419 1736 1524
341 453 374
200 301 227
180 247 199
683 711 678
174 194 169
3105 4139 3497
143 200 159
1189 1496 1210
-1 -1 -1
180 255 193
263 369 346
3589 4793 4084
1230 1470 1386
941 1159 1053
687 866 776
300 447 372
1029 1350 1205
399 474 441
226 293 199
-1 -1 -1
1728 2116 1720
546 693 587
259 393 315
453 593 456
302 426 388
502 665 548
2643 3410 2911
158 152 153
1233 1526 1407
371 523 417
259 354 298
101 119 111
3184 4325 3453
1435 1864 1562
685 978 757
917 1143 1043
107 119 108
785 1047 933
781 1062 954
198 263 218
693 816 741
1520 1981 1698
462 583 493
497 504 440
371 572 497
411 534 449
-1 -1 -1
1931 2570 2211
299 347 304
859 1038 883
488 554 520
316 447 325
388 633 514
1206 1536 1321
715 928 718
909 1158 928
512 679 558
287 417 370
711 866 760
424 533 462
442 529 496
1222 1565 1268
1080 1423 1140
-1 -1 -1
247 321 275
477 604 480
501 582 484
333 445 353
1034 1296 1024
338 459 365
784 1055 856
201 280 194
182 202 187
455 566 453
1322 1778 1544
1793 2390 2017
1364 1963 1552
387 538 416
812 1077 979
715 998 885
390 524 472
174 186 182
744 960 877
1175 1630 1350
568 609 590
227 286 329
394 477 393
611 820 693
295 336 299
3464 4514 3851
275 335 248
1169 1541 1222
405 570 406
514 678 564
427 517 437
402 629 464
-1 -1 -1
756 851 830
683 883 666
388 507 403
562 815 629
372 461 408
624 787 656
1568 2040 1873
1929 2434 2037
686 922 768
303 441 379
296 428 378
-1 -1 -1
543 882 658
2464 3155 2675
247 340 253
1698 2267 1929
424 568 552
524 674 570
225 303 238
1201 1492 1281
1481 1922 1602
1344 1796 1514
373 569 514
271 343 350
1170 1367 1232
650 881 856
300 435 329
879 1153 991
1837 2353 1991
402 536 468
214 229 155
462 701 529
202 298 226
475 720 538
2284 2957 2455
281 360 300
-1 -1 -1
766 1001 731
419 513 437
523 715 553
2104 2896 2393
1518 2138 1880
618 770 651
617 796 678
272 359 348
567 811 629
294 350 293
553 782 653
-1 -1 -1
1350 1823 1599
1085 1428 1271
126 211 147
207 237 262
394 602 426
531 742 596
2225 2924 2541
587 738 616
4041 5137 4371
646 787 738
558 784 674
602 803 676
1248 1610 1455
837 1194 926
1294 1686 1362
644 838 690
824 1212 1020
865 1137 913
1383 1841 1456
742 854 849
993 1191 1047
1659 2286 1815
761 951 897
615 829 710
524 709 588
443 582 468
116 183 148
1152 1577 1261
380 488 402
1313 1740 1506
282 358 298
363 464 387
668 943 757
1167 1499 1293
-1 -1 -1
1022 1345 1050
694 868 719
615 801 690
1066 1388 1126
677 929 784
439 535 450
1280 1659 1378
1980 2788 2253
207 307 248
37 53 40
72 132 62
658 849 635
683 983 800
2605 3636 3007
384 484 356
2667 3430 2990
1502 2101 1660
592 693 674
143 222 174
3186 3995 3529
1210 1599 1340
-1 -1 -1
446 588 512
13 35 21
866 1111 986
40 54 34
745 887 772
-1 -1 -1
1817 2202 1915
277 396 273
229 274 220
167 238 182
595 758 615
193 324 247
1323 1796 1424
535 650 551
1417 1946 1638
314 444 389
196 283 220
271 327 285
7001 9230 7807
2118 2635 2283
482 660 561
324 425 355
381 492 419
782 1087 958
857 1093 1014
448 565 545
772 1028 827
1572 1969 1729
-1 -1 -1
454 639 508
423 564 455
953 1204 1026
282 362 288
2946 3895 3135
461 581 489
1214 1669 1389
718 906 731
658 894 696
775 1023 873
1716 2151 1848
1366 1747 1532
1054 1433 1280
874 1211 980
484 612 536
873 1301 1110
726 1046 743
629 833 746
696 966 777
1167 1524 1213
392 611 465
349 484 431
517 661 495
400 566 479
262 496 392
780 1015 828
387 535 455
1913 2350 2147
517 718 519
-1 -1 -1
684 895 834
3328 4527 3593
1124 1627 1355
1484 1961 1743
352 511 420
303 390 307
542 721 641
1413 1670 1565
237 310 247
659 808 691
1954 2575 2203
419 520 464
127 158 135
316 444 387
430 563 471
313 469 342
2603 3182 2743
456 592 551
-1 -1 -1
446 617 522
479 553 487
65 79 54
2360 3056 2635
1237 1545 1383
1063 1309 1165
457 628 509
196 304 278
913 1130 992
852 1049 968
219 286 227
1693 2141 1876
-1 -1 -1
811 1010 872
270 414 288
372 564 406
549 704 637
464 550 555
2264 2891 2503
563 677 584
1718 2026 1892
653 880 814
517 727 583
294 382 355
2991 3830 3187
1531 2064 1880
1348 1690 1380
557 760 647
173 197 162
568 846 624
1124 1415 1224
635 791 766
909 1156 1021
726 1013 822
512 725 573
365 444 380
299 355 320
-1 -1 -1
131 202 133
1314 1849 1479
778 1102 919
1428 2086 1679
303 380 340
115 152 159
457 602 520
5668 7410 6388
1877 2252 1871
1682 2109 1998
458 562 463
325 425 346
658 850 811
1483 1888 1668
237 299 307
649 819 753
2096 2853 2311
475 538 507
342 453 409
434 594 604
483 630 520
-1 -1 -1
2988 3783 3410
479 528 546
987 1416 1215
1351 1648 1555
207 306 258
422 511 473
3251 4168 3513
978 1226 1017
1245 1725 1381
438 622 506
285 346 305
823 1147 911
965 1245 993
445 550 553
1063 1629 1287
1219 1651 1342
589 856 703
520 619 448
358 505 389
601 731 714
435 604 432
1636 2307 1949
581 787 672
1195 1471 1388
769 1064 864
676 881 754
731 917 778
3831 4954 4165
2197 2638 2322
1432 1824 1426
774 1002 848
275 344 282
-1 -1 -1
907 1119 938
513 612 512
-1 -1 -1
1656 2261 1947
213 249 198
173 257 208
242 355 277
814 1137 935
495 678 521
1164 1561 1373
280 348 305
1198 1631 1389
460 613 541
330 438 334
288 380 310
3550 4571 4007
1336 1661 1448
1322 1788 1497
316 457 357
71 64 72
810 974 901
258 349 302
311 387 408
979 1265 1006
1980 2525 2148
226 321 245
78 122 79
174 289 206
768 1060 834
-1 -1 -1
2090 2825 2238
136 164 117
1234 1637 1511
1118 1512 1310
387 522 458
318 451 404
4014 5177 4585
1012 1446 1181
1443 1969 1643
797 1069 879
95 125 119
353 459 376
472 614 443
511 681 583
941 1226 1060
1866 2344 2073
744 881 830
432 515 426
283 377 342
409 596 474
384 492 409
1557 2177 1757
820 1027 886
-1 -1 -1
624 791 648
357 502 417
656 981 836
3026 3898 3458
1704 1979 1849
1401 1618 1495
479 636 531
558 770 703
992 1319 1135
822 1026 918
439 571 539
