2810 3048 2532
3090 3733 3514
1668 1899 1835
860 1047 974
759 807 720
1689 2107 1669
500 604 508
6270 7566 6633
-1 -1 -1
1785 2165 2119
1435 1956 1853
938 1126 1070
1396 1583 1327
2351 2589 2388
1938 2564 2157
3726 4177 3833
1206 1457 1065
1291 1490 1118
2533 2972 2746
571 670 642
4 8 4
-1 -1 -1
4895 5779 5188
790 1014 737
570 642 615
874 1100 913
1707 1994 1613
64 56 49
8450 10017 9014
395 507 443
1342 1592 1307
678 800 653
430 462 450
224 271 222
2439 2888 2401
2689 2869 2539
4054 4950 4406
1909 2059 1971
290 335 340
1605 1926 1546
1619 1885 1578
4 1 3
5647 6715 5774
-1 -1 -1
1221 1486 1319
687 954 950
949 1033 754
2395 2896 2323
815 1033 908
15186 17793 15280
575 563 566
4065 4648 4237
1704 2011 1760
1200 1365 1205
780 1045 727
4109 4730 4198
2336 2796 2443
2960 3771 3260
4148 4659 3909
557 801 668
4381 5393 4381
1037 1197 1213
10 14 10
2580 2848 2499
1755 2099 1620
323 361 281
92 125 69
854 964 827
953 954 828
1212 1496 1209
1311 1466 1162
217 209 172
-1 -1 -1
303 366 323
1419 1617 1405
523 649 496
316 379 317
900 1127 931
381 398 369
1142 1359 1150
390 380 422
768 962 868
906 1117 895
21 29 7
6148 7141 5878
10309 12317 11234
793 836 773
1232 1372 1100
2345 2796 2507
-1 -1 -1
1235 1424 1312
6922 8168 6878
1138 1436 1009
8578 9968 9060
1612 1911 1782
1986 2602 2027
1319 1504 1433
148 139 104
7445 8902 7556
2571 3380 2695
1311 1523 1365
790 923 863
4294 4945 4587
943 1144 996
183 175 161
2215 2717 2366
3598 4281 3656
761 823 701
1154 1460 1362
1443 1684 1475
-1 -1 -1
503 577 665
7648 9246 8090
686 728 676
3789 4300 3600
471 626 590
1369 1562 1358
1310 1383 1236
75 76 40
2864 3510 2953
960 1103 989
2200 2417 2142
814 886 855
3269 3500 3238
1250 1668 1459
7 18 8
2988 3417 2965
7733 9104 8050
1051 1390 1196
213 292 234
514 626 498
1112 1320 1227
854 881 788
12458 14776 12716
602 809 618
1252 1704 1428
-1 -1 -1
922 1275 1002
187 271 188
93 101 75
2537 3127 2470
1540 1800 1474
1470 1781 1426
788 1015 913
1467 1592 1327
674 767 634
19 16 10
2234 2565 2391
5526 6586 5789
1473 1546 1324
13 13 9
865 1152 1039
161 237 194
661 839 803
751 834 733
1304 1737 1376
3542 4268 3622
1552 1964 1744
819 944 873
203 265 215
72 106 43
981 1133 1119
450 440 439
753 882 743
177 173 134
-1 -1 -1
299 377 350
9 14 21
3667 4293 3631
9463 11133 9723
464 501 468
605 704 526
1722 2084 1796
2061 2402 2228
2965 3501 3089
5261 5957 5414
854 1169 967
3955 4583 3828
-1 -1 -1
596 703 610
604 689 659
116 136 89
4459 5242 4615
1944 2345 1897
748 923 647
524 687 505
2175 2399 2193
1314 1379 1237
19 21 10
4528 5368 4992
4429 5032 4286
2225 2598 2188
614 580 656
787 1074 904
2230 2499 2224
1205 1483 1108
10215 11326 10011
917 1127 988
5444 6316 5415
2359 2782 2664
1383 1696 1416
1158 1543 1185
206 246 267
5965 7048 6777
-1 -1 -1
3001 3275 2805
808 830 791
4992 6142 4975
592 581 616
14 25 10
346 425 392
195 225 184
43 38 16
18 15 10
101 130 94
24 22 21
120 136 115
322 377 297
317 398 257
-1 -1 -1
83 73 45
633 740 739
59 89 81
58 92 64
234 282 264
211 220 209
92 120 97
108 129 114
173 194 196
35 37 32
63 95 76
647 741 590
6075 6804 6232
382 404 350
27 39 15
100 99 83
329 380 300
280 331 271
1439 1830 1479
94 113 88
602 661 551
-1 -1 -1
109 98 99
37 32 26
133 153 142
1359 1650 1470
1656 1917 1762
145 155 132
227 235 215
881 1154 952
613 742 637
10 15 3
-1 -1 -1
5838 6945 5777
1366 1562 1504
633 908 789
1135 1400 1102
1255 1255 1151
1774 2294 2005
5282 5789 5356
775 677 751
3594 3855 3866
1156 1373 1248
800 900 772
273 227 260
112 117 131
4219 4732 3979
2158 2557 2333
1788 2035 1844
270 271 224
2292 2454 2274
2343 3000 2792
12 7 5
1434 1615 1415
2835 3316 2945
740 885 754
895 1278 861
1013 1207 1185
1552 1750 1637
-1 -1 -1
4555 5393 4778
993 1210 966
2044 2176 1930
778 845 800
853 963 702
875 1236 1024
105 149 134
1091 1311 1125
2618 3333 2773
488 534 389
700 801 837
1994 2293 1987
1130 1216 1114
52 55 61
941 1005 898
2049 2334 2007
-1 -1 -1
53 51 53
2195 2408 2231
30 31 25
190 213 185
161 152 122
1319 1570 1370
2283 2560 2279
334 420 403
219 263 232
59 52 52
52 81 68
755 836 681
4032 5067 4456
66 78 52
235 290 269
3611 4502 4006
314 388 348
2 11 4
3758 4524 4080
5255 6356 5445
1800 1846 1679
699 870 955
1223 1213 1151
2840 2969 2960
955 1247 1048
9913 12178 10739
727 755 745
4645 4762 4212
1894 2559 1917
1818 2292 1891
1116 1350 1261
42 41 37
-1 -1 -1
2515 2866 2608
1693 1788 1544
1154 1443 1276
1654 2137 1644
1125 1495 1215
354 388 377
5570 6393 5835
5327 6185 5290
1555 1900 1595
684 893 832
866 1040 889
-1 -1 -1
1937 2509 2106
4645 5413 4578
611 704 641
4689 5813 5020
1266 1514 1372
1521 1838 1602
398 412 397
49 52 40
3324 4063 3560
3276 3708 3124
486 649 573
512 560 541
3838 4300 3671
1608 2109 1827
33 52 28
249 367 290
146 222 138
8 15 13
5 4 8
32 39 26
8 11 7
69 53 61
91 109 77
35 42 43
-1 -1 -1
46 57 30
545 608 592
339 428 295
108 103 114
117 134 117
20 25 26
42 48 54
279 326 323
29 29 40
31 29 24
27 15 20
-1 -1 -1
6913 8648 7407
2460 3248 2736
100 157 87
400 454 477
1232 1717 1221
1787 2264 1752
3213 3851 3236
1291 1484 1232
12709 14506 12545
2768 3031 2774
1614 1824 1774
1009 1187 1194
53 81 78
2285 2806 2315
3329 4023 3344
1208 1493 1376
1969 2390 2093
1975 2224 1935
3894 4755 4061
30 23 33
4049 4551 3920
7333 8605 7110
2866 3404 2794
2215 2569 2477
1689 2051 1645
1917 2429 1940
357 548 410
3336 3800 3481
1229 1511 1308
4273 5304 4676
1068 1214 1058
1116 1360 1269
2192 2485 2055
90 105 91
-1 -1 -1
3161 3754 2892
1855 2115 1742
1978 2441 2035
4811 5465 4477
2485 3051 2538
22 22 23
2689 3481 2893
8779 10023 8720
366 473 429
35 38 37
172 107 101
1545 1774 1466
2660 3257 2716
682 810 621
1211 1423 1158
8409 9407 8424
5550 6522 5373
2090 2285 1944
475 604 519
1948 2181 2057
1981 2509 2130
-1 -1 -1
1188 1445 1354
56 81 64
2659 3192 2954
161 151 98
34 25 32
-1 -1 -1
9397 10612 9107
11 25 15
108 133 103
433 450 423
251 305 221
67 86 63
308 393 291
748 891 808
4280 5030 4398
586 672 678
357 404 268
151 171 146
216 307 231
1331 1678 1391
344 399 356
147 166 173
671 853 710
2378 2867 2569
438 546 418
13 28 12
3704 4229 3711
6887 8061 6971
-1 -1 -1
1292 1455 1205
1264 1489 1330
3995 4446 4178
1187 1366 1105
9199 10617 9126
1466 1684 1439
3900 5030 4109
3113 3624 3070
2583 3359 2671
2034 2429 2225
237 272 239
5245 6248 5574
3850 4353 3942
2194 2505 2205
1284 1548 1419
2804 3289 2892
2490 3175 2511
29 43 20
2228 2754 2320
4140 4951 4013
1117 1475 1108
987 1251 1196
1264 1579 1176
1178 1352 1192
1023 1384 1139
1601 1724 1530
1236 1500 1222
6393 7291 7144
1823 2262 1818
-1 -1 -1
1917 2338 2092
187 212 164
3330 4096 3199
5573 6283 5914
900 967 890
838 888 792
1794 2095 1810
4449 4954 4524
15 17 5
48 38 24
63 86 64
22 13 14
4 8 1
12 23 22
8 18 12
9 21 12
97 78 65
946 1209 1000
-1 -1 -1
8 15 18
260 320 287
40 52 49
102 125 74
44 60 48
26 41 33
43 36 30
142 130 131
473 501 530
138 143 152
12 15 8
2013 2371 2159
-1 -1 -1
503 621 438
8 21 15
148 150 134
144 173 145
502 557 571
1041 1063 946
150 153 126
495 598 468
1843 2318 1939
338 422 379
85 100 96
102 114 77
1294 1649 1371
814 858 779
170 206 164
110 104 93
222 276 198
1122 1223 1020
12 20 21
2456 2715 2540
1432 1916 1590
1412 2057 1661
953 1249 1061
539 680 602
-1 -1 -1
424 464 346
4064 5180 4150
2187 2632 2232
3970 4994 4169
908 1192 988
382 399 342
1167 1283 1172
320 342 288
4796 5412 4565
4687 5308 4898
940 1158 881
749 902 824
1392 1577 1746
5112 5981 5230
12 14 12
2229 2353 2276
5302 6370 5513
864 990 850
614 776 732
1325 1639 1583
1507 1664 1806
-1 -1 -1
1477 1957 1606
1608 1755 1563
2285 2917 2619
4389 5035 4517
457 638 536
520 648 548
1201 1351 1233
1841 2263 1945
3397 4205 3645
364 430 354
587 783 660
2522 2832 2597
2778 3301 2754
54 65 78
101 119 114
37 60 36
253 270 218
13 27 26
526 652 528
218 319 266
15 24 10
113 137 131
1887 2139 2052
1121 1496 1175
33 29 28
189 210 141
29 31 37
146 134 126
70 102 73
508 568 455
47 46 25
5 14 11
-1 -1 -1
44 72 41
14 17 15
-1 -1 -1
5560 6557 5788
551 675 542
604 621 521
613 663 581
3033 3588 3176
1557 1643 1402
2753 3233 2891
592 562 590
2792 3141 2776
1228 1377 1249
933 1094 898
792 737 704
163 152 120
2961 3493 3238
3243 4125 3189
938 1106 932
193 181 165
1369 1559 1555
679 709 655
19 22 17
3527 4141 3585
6201 7157 6698
742 753 828
153 218 173
565 703 517
2725 3246 2775
-1 -1 -1
5444 6296 5865
517 572 383
4488 5583 4948
3822 4786 4366
1189 1482 1373
925 1236 1112
1735 2027 1709
3082 3875 3264
4475 5206 4569
1894 2294 1989
244 262 200
1102 1297 1172
1339 1522 1344
93 89 76
420 433 411
129 169 153
26 40 34
16 24 14
61 72 90
28 38 14
48 44 41
62 99 65
745 932 741
-1 -1 -1
50 50 42
1107 1300 1166
226 277 233
98 153 112
65 92 71
84 66 65
76 71 66
379 415 376
152 191 154
50 94 55
19 28 23
