2.623908892525913750e+00
2.676161919040479731e+00
1.955967669955868571e+00
1.574201410044390181e+00
1.770804491616674303e+00
1.644916859608503534e+00
nan
2.229275339057860350e+00
2.194977619300508387e+00
2.375570349315580643e+00
2.299891806826005691e+00
2.496983590733590663e+00
2.794592328652274027e+00
2.461460550458715701e+00
2.203813018506700860e+00
2.291159025328631138e+00
2.516424914675767788e+00
2.407122554756729649e+00
2.032967032967032850e+00
2.119615659209900027e+00
1.000284865502787612e+00
1.416324519625554168e-01
1.922323908391385394e-01
1.655256088049224250e-02
1.065297741273100618e+00
1.540987747884299541e-02
3.128606553264087764e-01
5.895242070116861466e-02
4.973198873444171775e-01
1.367139178359124907e+00
8.992657371504000907e-02
1.043686224489795977e+00
1.822417548226509032e+00
1.185722456195081320e-01
4.795547837069782382e-01
2.605049435028248817e-01
1.925147347740667980e+00
nan
5.278007053350340927e-01
1.989412897016361814e+00
1.212769728388497503e+00
1.764485981308411278e+00
1.197047907512478027e+00
1.005781460782424253e+00
1.315282239559431021e+00
1.050725465554666949e+00
1.550560443533807398e+00
9.777508090614887015e-01
1.668348469559367553e+00
2.299657479432760443e+00
nan
1.656640114136250119e+00
1.317548534449942910e+00
5.610633564935599976e-02
1.288376747240376430e+00
1.447869061536826374e+00
1.609804791481810105e+00
1.334822104466313331e+00
1.669727815888470968e+00
1.300501882057716330e+00
9.775175644028103461e-01
1.769462008914688550e-02
6.750933831376734195e-01
6.779970204615244633e-03
1.347954055994257105e+00
1.258772418402584296e-02
3.489278752436646980e-01
3.860030841378144784e-01
3.561926300385792055e-01
nan
2.399730083083800869e-02
6.368787020345093586e-01
8.993702926287195920e-01
1.231904075735969391e-02
7.457803168008309003e-01
1.009583783898394982e+00
8.325483660604303393e-02
1.428421692556023637e-01
1.252372438454132819e+00
3.232277477594072690e-01
1.269418794133623019e+00
1.902511816993885718e+00
1.439818319454958306e+00
1.188973384030418190e+00
1.493637867413156961e+00
1.972358121330723968e+00
1.903280370462801185e+00
1.979894928268337129e+00
nan
2.453211645101663674e+00
1.878272604588393957e+00
1.435820050928982461e+00
2.185692718615724228e+00
7.123521869212138743e-03
1.330074598903157712e+00
1.858682634730538963e+00
2.111199764834334136e+00
2.438643462739848111e+00
1.823579304495335007e+00
1.884216849376783243e+00
1.611945938090393771e+00
2.036954855367733019e-01
3.571938168846611195e-01
4.058069445623567473e-02
1.790682730923694788e+00
2.320451061966279926e-01
3.128762866576034196e-01
4.621350364963503488e-01
2.937039092855443734e+00
nan
4.505312335166905546e-01
7.138808592642974515e-01
6.434231378763867193e-01
8.996152707901745593e-01
1.105143027265735434e+00
1.470533208606173980e+00
1.018173345759552650e-01
2.112503533402430855e-01
2.172591532010636151e+00
9.396744334503670526e-02
1.766934142991397394e+00
2.453941778831104870e+00
nan
1.625271762761979266e+00
1.919289827255278302e+00
1.616016025797625488e+00
1.896878600607520671e+00
1.581729891562306145e+00
1.573518284993694838e+00
1.664947280588636946e+00
2.237645752359799900e+00
1.287922056106165059e+00
2.755529685681024521e+00
3.844968408075204180e-02
1.621587089964725115e+00
1.140926535087719351e+00
2.192419175027870537e+00
2.734098629495138599e+00
1.553242461792647688e+00
2.256822239224687721e+00
1.379042789030945348e+00
4.231394982680801720e-01
2.098882745911080372e-01
2.296280731246060081e-01
1.095434841506366830e+00
1.955627124709250209e-01
2.209052729818012095e-01
nan
2.387833468067906140e-01
3.386017728717176656e-01
2.119060622610595412e-01
2.552324569040571034e-01
4.471854183441915098e-01
4.113398260416892827e-01
7.099538233283878563e-01
5.289821177994459278e-01
4.662034739454094523e-01
4.334718026183282946e-01
2.701145105114134415e-01
3.579875446084948565e-01
1.634493964716805969e+00
2.723950591973758328e+00
1.982164983291405447e+00
1.650986856007776504e+00
1.701549012652240789e+00
1.516092532059341247e+00
1.702520034759100076e+00
1.164808417085427150e+00
1.822963495774141407e+00
1.834849136606649056e+00
nan
1.232288788288553150e+00
1.700576241134751809e+00
6.896093836450148951e-01
1.561013658739513366e+00
1.867238719629772392e+00
1.914773869346733770e+00
1.785743716522455671e+00
1.913435263500325334e+00
1.904237331557104174e+00
6.029377147968550954e-01
7.117275156880982223e-01
6.970943687323218896e-01
5.695705260922652169e-01
6.910794648911904314e-01
5.317987444272587183e-01
6.399260938943478472e-01
4.830079962370649183e-01
6.170476955664304652e-01
6.296529607146947871e-01
6.659280500521376212e-01
4.107751761764037446e-01
6.690429413415660553e-01
3.126158961570432715e-01
1.279126439347433752e+00
nan
6.956202170435383803e-01
7.172182254196642903e-01
6.759112983441577516e-01
6.559318582869553271e-01
3.127145636843605692e-01
3.389193809609501451e-01
2.460677674309413865e-01
2.301648600420805879e-01
5.176495103146488974e-01
2.806119040726803293e-01
3.666241783509535113e-01
3.093799076762004385e-01
7.768014059753953759e-01
nan
3.397650546193116128e-01
4.815947987379290418e-01
6.510924051830133674e-01
1.809802424255461117e-01
3.107402720658019590e-01
3.933191314614239431e-01
2.758246396912500953e-01
2.279484162243942402e-01
5.741963892558343829e-01
3.140693586303022755e-01
1.703959601495371068e+00
2.438659831034731607e+00
1.938189845474613593e+00
9.573275098860886123e-01
2.030244638069705232e+00
1.443522380358601698e+00
1.615144287298014625e+00
1.298264235764235774e+00
1.534702280977406907e+00
1.096736292428198478e+00
nan
1.530149878006273889e+00
1.422890885105848380e+00
3.078742891869600817e-01
2.753413960921043291e+00
2.910557425498727646e+00
3.224934801506809556e+00
1.064837448056709768e+00
1.876051188299817207e+00
1.345204098773727486e+00
3.834544438233650210e-01
2.877582942290277668e-01
3.714490200396388664e-01
2.339542364966533394e-01
3.860184343762170789e-01
4.245456728844768102e-01
3.482022757843458161e-01
nan
3.663378856853818921e-01
2.419786461320007631e-01
2.225503708079018261e-01
1.375880646498135185e-01
2.106274359115112293e-01
1.487339998131365082e-01
3.583380123526108685e-01
4.169566706936655986e-01
4.723201962889127525e-01
2.896677911830293217e-01
4.132026553463061802e-01
3.586296011734301792e-01
1.549314487632508897e+00
2.471997522932229074e+00
1.413712735241938301e+00
1.058388794304287339e+00
2.137416666666666742e+00
nan
2.370881506192020982e+00
8.732682727086603647e-01
2.415336065187697390e+00
1.672495763156710780e+00
1.856336850903771873e+00
1.443605474280320822e+00
2.137024273299370503e+00
3.682606044769619613e-01
2.646381505967963843e+00
2.541898385616327527e+00
2.508790786948176699e+00
2.874606387764282456e+00
2.566736750525628885e+00
2.918063244104041942e+00
7.627789871226625662e-01
1.736198856799037404e+00
7.815597531325977343e-01
3.817829457364341206e-01
9.341100181348573894e-01
7.955142677375179883e-01
1.203634393775238953e+00
8.054869419220997973e-01
1.446029502694108348e+00
1.316441843587646376e+00
1.418596588545278037e+00
9.338613013698630061e-01
6.767417038618280811e-01
7.305688639242249316e-01
9.748347345225898408e-01
nan
5.245421245421245660e-01
6.741009022747490587e-01
1.276010781671159000e+00
9.380199464850401680e-01
2.124558107589439082e+00
2.485983096240130585e+00
1.341117253898836514e+00
7.556092509492579046e-01
1.929991356957649007e+00
1.238009843946735744e+00
1.890850624924159673e+00
3.243874688077783564e+00
1.250000000000000000e+00
1.461167411603310207e+00
1.778371458785551251e+00
1.621957913998170131e+00
1.910379084967320340e+00
6.064882226980727875e-01
1.998303590732948498e+00
nan
2.513883058470764542e+00
1.923474723997675717e+00
1.340500873616773392e+00
2.320327700972862228e+00
1.914601876353139387e+00
2.077225422094776786e+00
1.400961929277875662e+00
4.782229380578484901e-01
2.045771066426727014e+00
4.523600919943051024e-01
1.170881357876025097e+00
1.117797941581968102e+00
1.485046880051729801e+00
1.016708314959086756e+00
1.968120300751879714e+00
6.192975685063681901e-01
1.590062711046792199e+00
6.899271844660194442e-02
1.638213457076566071e+00
nan
1.698511502029769860e+00
1.667729484812888074e+00
1.989398673078948354e+00
1.763579096226778997e+00
2.525418326693227300e+00
2.795238369746930296e+00
2.604993211645798556e+00
2.055686892566324975e+00
2.314478251991014979e+00
nan
2.564607052061457004e+00
2.437132197392207544e+00
2.739814814814814703e+00
2.671039797112758407e+00
2.693239618977157246e+00
2.030035488617675021e+00
2.700604561692772521e+00
2.633179875041105067e+00
2.423634667571234580e+00
2.420267238856919967e+00
2.698455339153794430e+00
2.640372093023255928e+00
2.726533498320664606e+00
2.573374500544860055e+00
nan
4.100739042188928707e+00
1.362533438830488608e+00
4.837580237307916864e-01
1.540753117613497425e+00
6.936689452501118014e-01
1.535203867171080372e+00
1.592444266453077129e+00
5.742163172098816437e-01
6.906735417338060179e-01
2.835415853182350787e+00
9.289329571855293732e-01
4.202794267554116336e-01
5.292125317527519579e-01
1.941274874049290888e+00
1.883562787812268935e+00
6.827266238401141774e-01
5.401030761797390722e-01
1.835307977860270778e+00
1.029282160625444309e+00
1.708812541205772417e+00
2.677214127698527513e+00
1.919246460283177358e+00
1.290470494417862879e+00
1.904609929078014074e+00
1.138385673501167927e+00
1.685524928453080218e+00
1.935629134735049384e+00
1.991532323725777598e+00
1.772077954568197722e+00
1.716239400029410334e+00
1.321018567639257402e+00
2.347562380038387797e+00
1.585348774575814801e+00
1.725526668685382958e+00
1.645894104127994417e+00
2.504697421277698677e+00
2.354449991392666419e+00
nan
1.861777981291293349e+00
2.863837312113174161e+00
2.150214742134850976e+00
2.161175313498893580e+00
nan
2.491843616148728735e+00
2.699656820688809855e+00
2.722109533468559661e+00
2.565532098233520131e+00
2.486726556979913294e+00
2.568474170871860807e+00
1.833827893175074220e+00
2.011750823540980448e+00
2.453872162292706438e+00
1.756841980009519188e+00
2.163618569943115855e+00
2.408981120914871710e+00
2.835269194243553059e+00
2.453507340946166515e+00
2.670414617006324765e+00
2.456316671074671554e+00
nan
1.034723988806919293e-01
9.624416517055655040e-01
7.017499790672360183e-01
5.961346771514010046e-01
4.591194968553459210e-01
1.420920178098986908e-01
8.883647338040961960e-01
1.471609296852015303e-01
1.441037968847762307e-01
1.098353684466314290e-01
6.177068214804063567e-02
1.436155085790122299e-02
1.858888099696519580e+00
1.477611153109122499e+00
5.939640352552733038e-01
1.015687851971037829e-02
1.181485081881402874e-02
4.383192079611106795e-01
1.234002947335763600e-01
nan
8.201661508388988775e-01
4.222917209625575374e+00
1.853936858120958542e+00
3.368665736866573557e+00
6.092572975517891010e+00
4.839836000529030180e+00
4.256038647342995418e+00
2.527853588055867906e+00
2.254067545913965187e+00
2.712511091393078888e-01
3.713968292097045598e+00
6.313060452632220709e+00
5.994875468371170690e+00
3.605704357897784984e+00
4.205584615963571693e+00
7.412208800690249788e+00
8.680285265320923926e+00
2.822344048198181188e+00
6.429793056268171547e+00
2.002446824494001021e+00
4.084195237183170235e+00
1.642085413543131756e+00
6.532355305466237549e-01
2.428692564523822206e+00
6.092356397065538109e-01
2.850152516522623358e+00
1.609204763456039355e+00
2.611936241196095576e+00
1.942883137889203304e+00
2.129858894424390581e+00
3.545262690214372903e+00
3.097267073868354537e+00
2.068016560553874061e+00
2.552152492668621875e+00
nan
3.752452646915978463e+00
2.005849944286244746e+00
1.642808484285493087e+00
2.449347386816667527e+00
nan
1.584430166552304800e-02
2.460629921259842659e-02
1.028585097476378447e-02
1.272691744015632676e+00
1.282926163504845112e-02
1.089443752734125248e-01
1.993170451897395390e+00
2.576716999512908002e-01
1.745384550355384701e-02
9.186220668996505911e-03
2.107936016910921251e-01
1.294753128308135000e-02
4.036399178258233134e-01
1.797326000184696904e+00
7.621005834954154290e-01
4.302525128708016566e-02
1.405549497152550585e-02
5.609454301413531185e-01
1.129466837220695179e-02
4.018096315256860195e-03
4.057811884614925292e-03
4.944674965421853169e-03
6.053046700172420337e-03
8.925775133103663883e-03
nan
4.302193645990923243e-03
5.356367321333784133e-03
5.297917120255461049e-03
4.308438871189015397e-03
4.314617223485511105e-03
4.228972608419249123e-03
3.780231109583745072e-03
6.120000813289144803e-03
4.186585952306865789e-03
5.119122713377650610e-03
4.186776763388962846e-03
5.061374143153196323e-03
4.885625529511437512e-03
4.880382775119616878e-03
8.662950519242516856e-02
7.389465667214494271e-01
7.426144227556913391e-02
8.736237434179033867e-03
2.351531963182448559e-01
9.079429980157536703e-03
9.091770502676836674e-02
8.286751934312332202e-02
4.882352941176470451e-01
3.379211368341802912e-01
nan
2.232940567137122745e-01
2.400168137873055774e-01
1.269177126917712672e-01
6.981259010091302175e-02
1.600420294205944227e-01
6.888888888888888840e-02
7.680107656077281297e-02
2.953685258964143245e-01
1.724467427350907800e-01
2.317685178208122920e+00
4.655832302891126595e+00
2.501378773951778101e+00
4.431572246976447915e-01
2.278510981261333779e+00
4.940248471701834121e-01
2.322672143974960690e+00
1.673646959039527315e+00
2.240869664460169108e+00
2.206246450880181786e+00
3.923282851460914600e+00
2.066020686738185841e+00
1.733436953565183680e+00
1.940706421301960083e-01
2.201599170800325744e+00
2.181721118940850079e+00
1.313097959529252456e+00
1.827764776178857797e+00
nan
2.055409136546184623e+00
3.723380778991504103e-01
8.654056817351931177e-03
2.596631797611098635e-01
7.261524920233249081e-03
9.990678598061147886e-01
8.239409249902837629e-03
1.369952236213634322e-01
8.271301457604819662e-02
3.458810692853245827e-01
1.359129227092148229e+00
1.185634256772312156e-01
1.132472700351656592e+00
nan
1.021918387483261755e-02
6.083029453015428301e-01
1.583599680383539765e-01
7.699161771500231399e-01
7.234668335419274232e-01
7.002301094763265787e-01
1.441474348331396316e+00
5.545920948045379370e-03
4.040427123151071886e-01
6.181038005721291306e-03
4.850662474736132726e-03
1.132972535531839506e-02
4.885898186073727237e-03
6.196161402448239174e-03
5.004076982362862594e-03
6.481756556026683005e-03
1.047941662355866312e-02
nan
1.875146757908154743e-02
5.306839039182826949e-03
6.300315015750787735e-03
4.754249752026542056e-03
4.052453589417959016e-03
8.133743111487918426e-03
3.802130777456533099e-03
4.909565128449907244e-03
3.711899493182953952e-03
1.362040316585771071e+00
2.371311727716459039e+00
2.822614815612769057e+00
1.011933709924806440e-01
1.391678565762335396e+00
1.305700771720189057e-01
nan
2.587855421686747093e+00
6.796574770258980713e-01
1.661282227633511077e+00
2.217252396166134343e+00
1.413297291079542273e+00
4.021365890881343219e-01
3.233585573599116053e-02
1.561473661761569653e+00
1.148367302213455954e+00
4.206359341080321834e-01
3.591245763066493457e-01
7.221529895267134735e-01
1.985692122047922670e+00
3.309888676696632337e-01
5.233431276526281373e-01
3.240659603282083912e-01
3.485586212226601810e-02
5.307291284235259310e-01
7.758177140757074874e-02
4.312529671694116939e-01
5.380091751593337746e-01
3.901527640400043739e-01
1.146550067268883311e+00
5.652504274045463406e-01
8.282402528977871325e-01
2.727668116426898770e+00
1.424314317847848697e-02
3.153889515219842066e-01
2.849582021496037121e-01
1.139409672146908914e+00
nan
2.977505919494869979e-01
6.425126109208734171e-01
nan
2.005358025333576003e-02
1.097237987135830581e-02
7.331378299120235031e-03
1.793542168674698845e+00
7.027624309392264956e-03
8.931063354730673157e-03
4.381346698627152092e-01
9.052498151473539756e-02
7.193723596861797964e-02
6.201653774339823712e-03
1.328899408284023753e+00
2.178509643108861304e-02
6.777212583178373988e-03
1.367017691028656223e+00
3.628954862258302883e-01
1.544401544401544438e-02
3.198262302449254857e-02
3.098272580528585451e-01
8.848146671980869696e-03
2.192369862368763814e-02
2.367402245451025872e-02
nan
1.182599635321698352e-02
8.788610782751708761e-02
1.188303696473284356e-02
1.409188842951144237e-02
8.958805992537453855e-02
5.510169587018987070e-02
1.749473940490061524e-02
1.227667431879429089e-02
2.126040999359385050e-02
3.193838002256782493e-02
5.277777777777777936e-03
8.495005925173522432e-02
1.668543543543543617e-01
5.173574970917773491e-02
2.628451590353023462e-02
1.785300668151447792e-02
2.716343947875561951e-02
2.869265509864511454e+00
2.942825981580222905e+00
3.220267417311752478e+00
nan
2.603724367799434614e+00
1.972492302706206457e+00
2.330461884766893199e+00
3.193472450405826280e+00
2.323283082077051809e+00
2.511232755928654026e+00
2.259774321439463218e+00
2.466336993013338308e+00
1.554548697823760151e+00
2.440620297062095004e-02
2.893972443879945899e+00
2.521893801929137702e+00
1.516513154546842435e+00
1.783836017569546017e+00
2.872950273296893897e+00
1.917459852589447067e+00
3.880222841225626773e-01
3.319890347408930298e-01
nan
1.101101101101101126e-01
1.002940266171463923e+00
2.591038003403289824e-01
4.845310989365130272e-01
6.557957080224597890e-01
6.419470293486041479e-01
5.295031055900620842e-01
3.607898032859352955e-01
3.635746047430830075e-01
9.919517102615693638e-02
9.721183634227113096e-03
1.029484180721408348e+00
7.914503816793893032e-01
2.722682167811637521e-01
1.710684273709483783e-01
4.752671900122954485e-01
5.957878533445284397e-01
1.722880815806246080e+00
7.310879096381065478e-01
8.615374349392767028e-01
9.748006542629319426e-01
9.397860962566845222e-01
7.806415249026439351e-01
7.858350676378772492e-01
nan
3.579570557568260147e-01
1.071718538565629153e+00
7.336430507162214898e-01
7.969346443030653759e-01
9.792568659127625086e-01
1.193426971449554688e-02
1.027014028056112194e+00
8.146376041112882715e-01
1.069348932749843772e+00
1.097242504939438090e+00
7.115763268077401893e-01
7.943348870562926267e-01
9.238341765697925811e-02
2.568564819914087582e-02
1.739288803897463820e-02
9.692341581613922105e-03
3.614254917811910439e-01
4.885372286467843522e-02
1.532694710537276239e-01
1.239805434663350699e-02
2.157178841309823625e+00
2.521600720024000708e+00
3.015038150974146125e-02
1.746358727709968583e+00
5.626220301428164206e-01
1.338519620180757437e-02
5.120791130577607292e-02
3.678608761759954437e-01
1.555863122225934272e-02
1.074960584778558159e-01
nan
3.959484346224678014e-02
3.582480730723866635e+00
2.454932660477253226e+00
2.689733119439988496e+00
nan
2.742392352889590601e+00
1.284450463950204568e+00
1.661839604713036822e+00
1.289068650071934607e+00
2.673067166217851121e+00
1.353641899779193469e+00
1.697629434521359837e+00
1.631461111651903106e+00
4.557090053763440451e+00
6.000166729190112846e-01
3.227929488244086542e+00
1.738795255930087436e+00
5.820615490218510324e+00
5.805627369872457422e+00
2.905782730095769928e+00
4.596775497009859102e+00
1.799130782295933761e-01
6.505270092226613995e-03
8.618703046504125331e-03
8.918060856847287790e-03
9.061333136160301671e-02
9.638648247873254568e-03
6.276150627615062656e-03
nan
5.158810439004652727e-03
1.459228854917423400e-02
6.124350951937159067e-03
1.958807431945844627e-02
1.000242189392104575e-01
7.341927562922037805e-03
2.073422853816663664e-02
6.149542669389929800e-03
1.124878184602533769e-02
2.049705354855239567e-02
2.387238105937201579e-02
6.529315745356686039e-03
2.653675607008461057e+00
3.292804875643478457e+00
2.670477057952863387e+00
2.048185561930238485e+00
2.645902305860486692e+00
nan
3.718099526719661707e+00
2.708836942961736050e+00
3.277778035035401327e+00
3.695384242469444303e+00
2.838429342790504517e+00
2.997511808367071318e+00
2.759592379264510509e+00
1.187829377627084293e+00
2.871805963982793308e+00
3.167868014284396683e+00
3.606342192475144426e+00
2.708558880604636787e+00
3.157081267147214820e+00
2.268436392081656372e+00
6.548807705861623731e-03
8.492955647898283583e-03
4.927536231884057684e-03
5.865468613503057801e-03
8.077189012508643670e-03
5.656565656565656561e-03
5.732381945001202225e-03
8.124740699764900626e-03
5.597289733392252394e-03
6.294874489716897024e-03
4.594049203555021152e-03
5.299903174845844306e-03
2.270942613939755730e-02
5.319409476973716369e-03
5.691559627870372562e-03
6.180469715698392978e-03
nan
1.396325459317585352e-02
5.767406564219312859e-03
7.303999528774224315e-03
2.526485634133372571e+00
2.104327208061647969e+00
1.429083461341525751e+00
1.188719420464276588e+00
1.662248824283881987e+00
1.705207243903781533e+00
2.486417333551091513e+00
2.419356402054861022e+00
9.964247009611780781e-01
1.742005894475591177e+00
2.132079611346183956e+00
2.026780842043403474e+00
1.768676306050434688e+00
1.625332152347210013e-02
2.018035899206075179e+00
nan
2.202495776796904892e+00
1.501633588530745689e+00
8.455969282598005954e-01
1.960460049290995377e+00
9.388131007885799906e-02
8.281161665864025800e-02
7.731434384537130833e-02
1.647073615389451143e-02
3.568097259340774485e-01
2.185587610840514575e-02
4.408859311635645456e-02
6.284551997496609643e-02
4.070061902082161009e-01
7.608485551367546451e-01
8.275578123927811169e-02
4.792594835416756904e-01
1.575707597361140744e+00
1.272952574067815618e-02
7.141600261431337027e-02
6.955471177079737555e-02
3.126683710459037702e+00
nan
2.354617352872760971e-01
4.142199650849071602e-01
2.126543529071090344e+00
2.359712943977776423e+00
2.374875124875124754e+00
nan
2.236793462399066179e+00
1.731368320153366946e+00
2.148979648965652522e+00
2.009147487573618385e+00
2.082015765252654305e+00
2.142039935240151127e+00
2.308877701375245728e+00
2.094438896996697164e+00
1.829996242417735841e+00
5.766451122099657683e-02
2.407975747141493539e+00
2.703528066458144252e+00
1.974850894632206755e+00
1.700547919762258609e+00
2.214958549327309179e+00
2.169484178586909451e+00
2.965579458709229677e+00
4.832264912354449216e+00
2.871794871794871806e+00
nan
2.437272794717709079e+00
1.936588058995188932e+00
2.946891552829662864e+00
2.730123743232792055e+00
2.483368563017908759e+00
2.628641246852323476e+00
3.699400443507542491e+00
2.426804334491924120e+00
3.042264150943396306e+00
3.297158018266237889e+00
3.094382955850375261e+00
2.619475586027981251e+00
3.697622414416784409e+00
3.006942202131094533e+00
2.632788086463653698e+00
3.768294555785917321e+00
nan
2.316834217299188037e+00
2.168220928435261818e+00
1.897147077832148421e+00
2.081803466382407652e+00
1.995555555555555527e+00
2.270064632250675007e+00
2.140010030308977296e+00
2.369974529291314802e+00
2.287701504377142481e+00
2.312980974775545207e+00
2.252297761874693105e+00
2.383754898468115613e+00
2.193277762839473066e+00
2.198412977690196168e+00
2.241011786361072566e+00
2.263785359327217250e+00
2.266094420600858417e+00
2.318972235752557065e+00
2.354090616276573122e+00
2.033314966303564564e+00
2.263587182688306498e+00
2.006146458583433212e+00
1.860162216565034665e+00
2.135900841080124124e+00
2.026587887740029625e+00
2.109335576114381716e+00
2.016828913505650522e+00
2.475683197226151044e+00
2.180914053866833680e+00
2.314219932024997206e+00
2.059941056449784647e+00
2.087150907369172526e+00
1.706452156334231862e+00
2.245702214452214296e+00
nan
2.245685379884943433e+00
2.211998064828253341e+00
1.984682322088449080e+00
2.201270613679372712e+00
2.006876322369686605e+00
2.304544503713000569e+00
1.652112049799911109e+00
1.644609384828280341e+00
1.671478347436535561e+00
1.738612214727894401e+00
1.866257828810020891e+00
2.699044192061171632e+00
1.450838975566676403e+00
1.537694897236002944e+00
nan
1.378058633425669477e+00
1.304969493735736563e+00
6.602903269569936340e-01
1.902893261597501828e+00
1.739399950409124651e+00
1.639924860258407335e+00
1.439028213166144266e+00
1.841251335859321880e+00
2.042600312662845141e+00
1.444716260795433582e+00
2.913675619998415289e+00
2.413796080462747184e+00
2.130219285070591884e+00
2.028978520542075170e+00
2.650573457127253008e+00
2.896959913909066486e+00
1.845481174231895727e+00
3.045065639083012421e+00
3.596760852744203429e+00
2.914423974870532508e+00
3.168020332615061552e+00
2.737382550335570652e+00
3.467640039309279748e-02
1.516426705208738568e+00
nan
2.974321262471677940e+00
2.814814814814814881e+00
3.107966119867052512e+00
2.899678837052062086e+00
3.042484766418415698e-02
6.978545987614753060e-03
7.195743149841882930e-03
6.365460458036393404e-03
3.857431749241658353e-02
6.911824698408998609e-03
7.750481469303396528e-03
8.516645822623587075e-03
1.034646291661177747e-01
3.651510706952185159e-01
6.744274044561177420e-03
3.178153741342114036e-01
nan
7.041517791846883811e-03
1.066056910569105655e-02
1.247635849266517244e-02
1.241707773430855526e-02
1.819936526790519871e-01
5.609671479277307526e-02
3.844872709969069519e-02
1.735489361702127642e+00
1.563556763285024243e+00
1.320559222198566474e+00
1.091948518407662272e+00
1.595327421555252423e+00
1.664385083781501296e+00
1.766433353621424285e+00
3.074616316639741331e+00
1.312697640476769623e+00
9.612885062055697150e-01
1.646656003199040263e+00
1.384316338998111684e+00
9.347671271898589929e-01
1.496589843876264606e-02
2.026555405571235813e+00
nan
1.740447419986936639e+00
1.013764162819974723e+00
1.842055341139530400e+00
1.172039035930799944e+00
2.048320223195257306e+00
9.253450439146800391e-03
3.359255870692284263e-01
4.716661011197828546e-02
2.109375000000000000e+00
5.279089478145054110e-02
1.856177012907191115e-01
3.966146840228551573e-01
5.626782561455928589e-01
5.676537262680646512e-01
1.163036582787058647e-02
8.737732145553374075e-01
1.224551785449696339e+00
1.137031954518721855e-02
7.396586029950780183e-01
9.178335535006605372e-01
1.044346508745351843e+00
4.270197887219163990e-02
nan
2.416241402263146210e-01
1.180585920419763957e+00
1.626755206513023966e+00
1.062966606863823049e+00
8.814587973273941834e-01
1.210818604154429323e+00
1.068330784356565477e+00
1.178217821782178154e+00
7.820804176135723873e-01
9.523521320495185183e-01
1.013968056888086222e+00
1.467380837746750100e+00
1.074415843721331809e+00
1.045612537349838389e+00
5.685662243039292518e-02
1.451534526854219909e+00
nan
1.379780101903995693e+00
1.145547547082073958e+00
1.157133333333333347e+00
1.031709558823529438e+00
5.294911511210624866e-01
4.608955749098266885e-01
3.664173614516920141e-01
2.954299458809380718e-01
3.580328349457637116e-01
nan
7.039707575985179044e-01
3.996971663422020371e-01
2.360294803619740756e-01
2.371814092953523356e-01
4.452657897597565029e-01
2.967737955709086606e-01
3.583485023994704699e-01
2.448355286835096900e-01
6.161441560901685932e-01
7.094097175746219008e-01
5.200553250345781864e-01
3.281806654187549022e-01
4.287570080678244078e-01
4.218322698268003879e-01
