14663
37351
20166
11488
13001
9501
-1
12460
13180
40106
10166
8287
4770
68124
25071
24951
4687
11961
13922
33615
24572
30444
21962
11538
4869
7916
19928
9583
11006
41550
12120
9407
12855
115397
38003
45311
5089
-1
13326
34286
22568
22469
23440
10377
4357
8752
8296
14831
23783
31238
-1
16821
13134
72825
31978
47044
4507
13209
18075
11157
102479
96469
29983
32890
27859
26930
61046
47338
15033
-1
23710
34946
16197
133938
96274
94325
13800
47702
43625
92720
3681
61986
5283
5259
15717
4087
36062
9897
-1
51935
3704
21205
8610
49132
29356
30894
23812
22409
3536
26635
34404
49573
12614
11778
12449
18267
20595
35071
12610
-1
13270
17642
6309
50684
40306
44897
12875
10612
24444
15664
41498
44725
-1
11498
10419
20466
19093
27388
7929
39548
14407
11905
7730
38933
36002
36479
13454
8536
24209
11762
65857
38107
34727
23794
14763
16766
10714
-1
29687
35873
21971
28714
13660
46102
59986
83378
10074
15887
39908
14290
21539
39021
26632
23660
8456
15907
10356
38207
11121
32545
-1
17008
9023
18073
28845
20743
9949
16988
30739
19516
21240
84936
11666
18836
16220
21981
59534
51023
13690
52385
7671
13196
17814
62555
53756
-1
23128
20849
17090
29467
80686
133367
51115
37546
23994
44908
40010
126077
38122
-1
36433
41835
21145
92976
88507
77923
33165
41640
61316
48068
51090
41546
24914
16942
11935
23256
29766
16015
18456
53619
-1
17213
15918
92147
55067
73085
13803
16363
30084
17858
59036
60734
18163
19272
15405
24981
27506
-1
15815
73241
15236
19303
18216
107029
53429
55458
13041
17488
35098
28633
35374
51673
28746
25843
11999
-1
21882
43958
21230
66676
19141
23308
13347
45923
45073
37041
13024
17783
41378
26373
38128
106367
10693
12383
18196
27018
40611
113760
22641
86808
14421
42047
20611
90794
71248
-1
39584
15737
57504
20554
49502
57501
24237
23175
12726
26208
16481
77342
21379
45193
17966
16394
19124
46699
60126
-1
16674
17209
42924
29294
24941
40452
14761
14900
12780
18261
17438
31188
12371
40817
13299
12954
10364
32959
43099
-1
11084
11917
28486
15556
18824
17346
13257
11420
4896
-1
9046
25998
8639
20503
10812
11552
7277
18245
23583
20505
2977
5374
11313
5505
-1
64542
26540
20563
24537
15652
28547
44945
19267
77574
15365
24103
16676
51963
51408
41910
11207
24835
44986
42209
13650
65544
8333
10031
14099
19264
33194
61067
24563
79943
20400
47124
13024
55694
46233
56564
30867
11617
-1
15286
9047
28638
16267
-1
10972
16317
13803
23209
19813
34282
13479
20338
6210
16807
32697
20286
13688
9194
24190
11342
-1
47171
13924
11942
18057
17648
15496
34128
16994
60733
16460
17224
21097
77434
56880
36646
19887
13372
39290
12892
-1
24555
11510
13144
10754
16991
7560
39536
18686
32451
11269
16651
16392
18147
34534
26572
9271
8272
53445
5846
46590
62651
64696
49759
37737
32850
23603
55253
40464
89027
33520
36011
54190
28742
85249
-1
20589
64615
64589
36621
-1
112216
17271
16721
40939
21980
59433
55786
47218
153776
30044
77582
36840
110496
97456
89974
65263
33011
47681
36742
33597
83788
28919
27258
25543
-1
21151
62168
41336
88198
17150
36178
23278
49182
70701
41217
17196
25091
70819
31349
26191
49893
20952
16711
23792
16630
21106
31664
8669
42503
-1
15445
14273
35132
52024
33309
17099
20806
20079
17790
39812
33965
14142
23564
19851
25354
10223
68382
17523
52829
13073
26006
15440
38418
54027
46829
11810
20082
-1
15935
18125
27385
13478
9088
10727
12864
9211
28882
14663
61921
13030
21611
-1
14188
35649
20023
15150
15979
28681
12045
55355
96271
19575
22264
19770
34179
19850
89526
37026
59926
-1
29810
25061
37140
58473
70080
37743
25248
58660
28017
45737
68222
27848
26730
25211
16067
-1
41499
23939
53796
19405
17386
13104
84178
75023
59318
15661
23896
37714
34805
42937
55133
12552
12938
13618
27209
27382
32478
9098
52029
15792
12336
14944
121812
49671
36843
20801
-1
30407
27158
-1
38446
15857
15003
10374
22624
14331
45889
18933
49709
14995
21124
15606
65070
66756
63560
12172
13350
41506
12544
63720
51659
-1
19194
19456
23562
17172
53332
17748
57502
20037
24975
20382
25199
59069
42623
16332
14304
56124
10896
37862
41259
14209
-1
13800
24683
23100
40780
17312
54438
16394
22041
14014
61131
36216
41883
19650
17074
37504
20486
10769
37937
-1
5993
6461
8814
12411
13000
13969
30911
27145
16191
4969
18721
32491
9824
17030
8329
10572
14291
39224
53827
14985
19563
18699
19515
15375
-1
11316
50251
15497
17289
15474
21785
49899
22571
22393
11640
44184
13944
50993
45394
21962
27237
29687
24644
9603
54685
41684
59997
13498
22038
45582
26222
58447
31568
20952
20930
-1
10859
72913
92738
13713
-1
22805
34701
26309
36838
25622
71102
24297
30818
29759
47981
84297
64079
34963
23207
76641
24747
40035
85007
21696
28032
27048
25625
24377
-1
19771
61881
22532
34714
28902
40724
49820
45043
35914
27320
53408
22666
41720
101401
43914
28410
34433
-1
21762
48896
215952
107262
31298
118559
11284
78746
205734
75886
15388
39163
58682
79258
34051
60402
20699
16025
31817
19799
24945
28923
13577
90390
23290
19622
31836
102078
71157
45303
-1
38099
26354
33953
54538
52296
68354
43206
23389
36333
18368
61901
98732
90253
31904
47645
46475
45159
104291
-1
18350
20506
95580
27996
34745
47758
11795
15906
19082
16013
9616
38347
14215
62081
14572
23118
18795
26630
39780
23175
26206
-1
51587
12601
48346
90713
20019
-1
20557
37556
35722
23940
21946
64854
32575
26037
18628
39434
53436
59465
40239
21535
49576
27683
7204
95155
32525
-1
13478
12678
14347
51719
77112
67112
36526
39127
6624
19598
81857
10792
30408
12387
46400
26045
-1
70326
19408
10830
25328
19124
12222
45860
20022
105890
37423
42758
14034
18594
56835
33682
41855
23998
41059
9313
23592
24029
20824
16890
22589
10154
4755
44684
43837
60630
9120
22054
64416
11871
41183
-1
10081
20669
67111
7397
20795
38243
11244
7948
16071
10822
7663
44464
13587
45151
-1
17327
21470
7370
26578
12098
21825
12759
30878
7675
26978
50483
11582
13315
18668
18309
14867
46770
15310
37478
11778
18098
14899
14245
35977
-1
25156
15632
37307
11831
23631
179406
52808
43358
39559
85794
63866
130332
37954
102269
89853
44034
-1
47858
98399
62918
76426
53880
37470
42029
35249
46367
14090
16704
11727
22498
13143
39615
8221
42622
20005
9002
7020
30936
40744
-1
12247
11914
30573
13525
25806
19127
6557
8840
8191
8258
4880
23276
7362
42347
4728
6622
13497
10201
19097
11354
7260
6720
-1
4506
20582
48640
17278
17959
18726
18307
12523
44442
18174
35437
16615
18530
16398
7685
31279
-1
18644
17203
29999
10879
32602
45467
16311
16629
13643
-1
19970
23114
10718
36684
18397
16210
12085
27785
42231
29883
17351
16560
29251
17551
