38476
99959
39445
18085
23023
15629
-1
27778
28931
95276
23382
20694
13332
167686
55253
57168
11796
28793
28304
71252
24579
4311
4221
190
5187
121
6234
564
5473
56805
1089
9818
23428
13682
18224
11803
9798
-1
7033
68210
27370
39647
28059
10437
5731
9196
12864
14501
39679
71838
-1
27867
17305
4085
41200
68114
7256
17632
30181
14510
100175
1706
20241
222
37553
338
21300
18272
5354
-1
568
22256
14567
1649
71799
95229
1148
6813
54635
29969
4673
117930
7607
6253
23476
8062
68637
19596
-1
127409
6958
30447
18820
349
39046
57423
50273
54649
6449
50187
55458
10097
4505
477
22293
4238
6443
16207
37038
-1
5978
12594
4059
45596
44544
66023
1310
2241
53108
1471
73325
109754
-1
18688
19998
33074
36218
43321
12477
65846
32239
15333
21302
1496
58381
41620
29498
23340
37603
26546
90820
16124
7288
5463
16172
3278
2366
-1
7088
12146
4655
7328
6108
18963
42587
44105
4696
6886
10779
5115
35206
106293
52790
39063
14389
24117
17632
44504
20274
59716
-1
20959
15345
12463
45028
38733
19051
30337
58818
37164
12806
60451
8132
10728
11209
11689
38097
24644
8447
32984
5108
5420
11918
19555
68761
-1
16088
14953
11551
19328
25231
45200
12577
8641
12420
12601
14668
39005
29613
-1
12378
20147
13767
16826
27502
30648
9147
9491
35207
15096
87056
101318
48289
16219
24232
33571
48077
20792
28325
58806
-1
26339
22650
28369
151624
212720
44516
17424
56440
24023
22637
17476
6746
4508
5946
10605
9577
-1
5793
17722
3390
2655
3836
15918
19145
23123
6159
5065
14502
10268
54806
127737
40639
27352
25648
-1
51881
38387
51279
111516
35533
33648
28524
16911
119282
94156
32676
51121
106208
76960
29083
184675
8357
4727
16997
21493
48881
91632
32740
114278
20458
39266
13948
66331
69455
-1
20763
10608
73376
19280
105171
142948
32505
17511
24562
32446
31164
250890
26724
66035
31951
26591
36535
28322
120151
-1
41918
33102
57540
67973
47753
84029
20680
7125
26146
8260
20418
34862
18372
41499
26175
8022
16480
2273
70606
-1
18827
19875
56671
27435
47540
48488
34536
23477
11333
-1
23201
63362
23671
54766
29121
23452
19654
48044
57158
49629
8035
14191
30847
14168
-1
264673
36162
9947
37806
10857
43826
71573
11063
53578
43568
22390
7008
27499
99798
78941
7651
13413
82564
43445
23326
175477
15994
12945
26854
21930
55950
118204
48919
141666
35012
62252
30576
88295
79777
93099
77314
27353
-1
28460
25911
61579
35157
-1
27342
44052
37575
59545
49271
88054
24719
40916
15240
29528
70745
48870
38811
22559
64599
27861
-1
4880
13401
8380
10764
8102
2201
30318
2500
8751
1807
1063
302
143942
84047
21766
201
157
17221
1590
-1
20139
48609
24369
36229
103524
36593
168270
47237
73148
3056
61844
103489
108794
124522
111754
68725
71811
150842
37594
93295
255882
106237
32504
91653
20013
67274
88914
105691
172970
71394
127671
167843
59440
217570
-1
77262
129609
106108
89699
-1
1777
424
171
52103
281
6474
111192
12166
2683
275
16353
476
44600
175161
68569
2807
463
26746
414
134
339
142
164
227
-1
90
332
218
379
73
152
87
300
295
210
71
126
345
152
2268
36868
1555
145
5594
150
1918
2623
4232
14362
-1
3448
3425
4458
3631
5330
1177
1597
5930
3067
92273
158139
35376
10442
45232
12525
23746
114448
39268
116555
51292
53730
26765
7455
118947
102169
15508
36706
-1
32754
6748
236
3499
65
10717
105
1261
2388
5071
84159
1544
24474
-1
144
21685
3170
11664
11560
20083
17363
306
38897
120
107
223
166
122
447
239
627
-1
558
132
233
277
283
306
95
287
103
62296
161777
78606
2704
35086
2097
-1
107395
16270
89371
43027
24572
5269
2721
117147
68119
6587
8581
27235
69113
14211
28853
4067
450
7227
2110
11808
17473
3549
59654
8926
10217
40764
1734
15665
10498
23701
-1
9053
17449
-1
770
173
109
18607
158
127
20105
1713
3575
92
28072
339
440
91257
23065
187
426
12859
110
1396
1222
-1
226
1709
279
241
4777
977
1005
245
530
650
132
5017
7111
844
375
1001
295
108638
121420
45759
-1
35933
48688
53835
130232
40222
136708
37048
54362
21786
1491
104810
105626
29800
30458
107749
39282
4178
12594
-1
659
6480
2283
6013
8525
8967
16367
9793
5886
492
181
33449
7775
4636
1424
5024
8514
67579
39352
12910
19070
17573
15234
12082
-1
4050
53855
11369
13778
15153
259
51247
18387
23946
12772
31440
11076
4710
1165
381
263
10729
1203
1471
677
89921
151290
406
38487
25645
350
2992
11612
325
2249
-1
429
261212
227667
36886
-1
62542
44572
43722
47487
68491
96247
41248
50279
135618
28789
272107
111421
203511
134736
222704
113760
7202
552
186
249
2450
246
152
-1
101
902
137
679
2890
298
1032
276
403
559
1274
147
110713
333896
117273
58190
91108
-1
80916
132453
707845
396377
88839
355384
31141
93537
590830
240399
55497
106077
185266
179793
222
512
101
93
256
111
142
234
75
568
106
103
722
542
404
279
-1
531
151
247
137791
110049
97684
51360
38879
61956
45672
149762
98379
157222
68023
96567
82200
733
210464
-1
40417
30793
80822
54886
3261
3954
911
261
6808
349
423
2409
5785
47234
1205
11079
29616
338
2840
1611
81940
-1
12146
5219
102811
214058
47544
-1
45983
65024
76767
48100
45693
138921
75213
54534
34090
2273
128674
160767
79467
36622
109810
60059
21366
459818
93407
-1
32851
24553
42281
141201
191499
176415
135127
94955
20154
64620
253299
28271
112440
37249
122163
98148
-1
162935
42082
20547
52729
38164
27746
98142
47453
242246
86560
96305
33455
40783
124948
75483
94752
54383
95216
21925
47971
54393
41777
31419
48249
20579
10031
90121
108528
132230
21107
45431
134447
20258
92486
-1
22640
45721
133195
16284
41734
88134
18577
13072
26863
18816
14302
120012
19713
69429
-1
23878
28018
4866
50576
21044
35792
18361
56855
15678
38976
147093
27958
28365
37878
48531
43071
86314
46622
134802
34328
57337
40786
493
54557
-1
74824
44003
115951
34308
718
1251
379
275
1525
592
494
1109
3926
37343
605
13994
-1
336
1048
784
948
9805
2101
1615
61175
72498
18607
18240
18709
37446
23217
121803
10792
40972
32942
12462
6562
462
82571
-1
21316
12078
56318
15852
52860
176
2202
416
17279
435
905
9231
4142
24038
54
5786
16528
115
14125
10421
7582
286
-1
1088
24299
79126
18366
15830
22674
19558
14755
34757
17308
35932
24381
19909
17146
436
45403
-1
25725
19707
34713
11224
17262
20955
5976
4912
4884
-1
14058
9238
2529
8700
8191
4810
4330
6802
26020
21199
9023
5434
12541
7403
